Run semi-empirical minimization
 &qmmm
    qm_theory='AM1', grms_tol=0.0005,
 scfconv=1.d-10, ndiis_attempts=700,   qmcharge=1,
 /
   8    O1       88.2670      122.6800      118.6740 
   6    C1       87.6690      122.9090      119.7460 
   7    N1       86.2930      123.1820      119.8430 
   6    C2       85.9300      122.9240      121.2010 
   7    N2       87.1510      123.2340      121.9610 
   6    C3       87.0820      123.7500      123.2800 
   6    C4       88.1830      123.7420      124.1030 
   6    C5       88.1320      124.2670      125.3980 
   6    C6       86.9350      124.7980      125.8290 
   6    C7       85.8440      124.8010      125.0000 
   6    C8       85.9150      124.2830      123.7360 
   6    C9       88.3050      122.9350      121.1170 
   6   C10       89.3420      124.0410      121.1500 
   6   C11       90.5040      123.7330      120.2340 
   7    N3       90.9830      122.3760      120.3960 
   6   C12       92.4390      122.2970      120.3750 
   6   C13       93.0190      123.5740      119.8420 
   6   C14       93.6370      123.5230      118.5120 
   6   C15       93.7560      122.2920      117.7430 
   6   C16       92.6940      122.0730      116.6960 
   6   C17       93.1120      121.5440      115.4960 
   6   C18       92.2090      121.3380      114.4830 
   6   C19       90.8810      121.6550      114.6560 
   9    F1       89.9980      121.4470      113.6470 
   6   C20       90.4830      122.1920      115.8850 
   6   C21       91.3800      122.4010      116.8980 
   6   C22       95.0500      121.8350      117.2640 
   6   C23       95.3700      120.5710      116.8550 
   6   C24       96.6820      120.3060      116.4410 
   6   C25       97.6440      121.2840      116.4390 
   9    F2       98.9240      121.0530      116.0410 
   6   C26       97.3340      122.5610      116.8470 
   6   C27       96.0600      122.8050      117.2470 
   6   C28       90.3850      121.7190      121.5290 
   6   C29       88.9060      121.5980      121.3630 
   1    H1       85.6750      123.5100      119.0530 
   1    H2       85.0990      123.5740      121.5140 
   1    H3       85.5840      121.8920      121.3580 
   1    H4       89.1260      123.3130      123.7340 
   1    H5       89.0170      124.2570      126.0510 
   1    H6       86.8560      125.2210      126.8410 
   1    H7       84.8950      125.2270      125.3570 
   1    H8       85.0270      124.2970      123.0870 
   1    H9       88.8720      124.9820      120.8280 
   1   H10       89.7240      124.1270      122.1780 
   1   H11       90.1800      123.8730      119.1920 
   1   H12       91.3280      124.4150      120.4920 
   1   H13       90.6880      121.8490      119.5450 
   1   H14       92.8090      122.1290      121.3970 
   1   H15       92.7440      121.4650      119.7240 
   1   H16       92.2070      124.3150      119.8020 
   1   H17       93.8420      123.8220      120.5290 
   1   H18       93.0630      124.2200      117.8830 
   1   H19       94.6890      123.7400      118.7480 
   1   H20       93.5760      121.6260      118.6000 
   1   H21       94.1710      121.2860      115.3490 
   1   H22       92.5490      120.9160      113.5260 
   1   H23       89.4260      122.4520      116.0410 
   1   H24       91.0510      122.8250      117.8580 
   1   H25       94.6110      119.7750      116.8510 
   1   H26       96.9470      119.2910      116.1100 
   1   H27       98.0930      123.3570      116.8490 
   1   H28       95.8060      123.8230      117.5770 
   1   H29       90.8180      120.7130      121.6310 
   1   H30       90.5870      122.3200      122.4280 
   1   H31       88.6890      120.9400      120.5090 
   1   H32       88.4750      121.1750      122.2830 

