rank	yeast_gene	cosine
1	YFL066C	0.9637
2	YER072W	0.95249
3	YDR091C	0.94917
4	YLR229C	0.94662
5	YER025W	0.94487
6	YPR016C	0.94313
7	YKR059W	0.94259
8	YIL143C	0.94237
9	YEL013W	0.94197
10	YHR128W	0.9418
11	YEL027W	0.94027
12	YNL006W	0.94002
13	YAL064C-A	0.93975
14	YPR165W	0.93974
15	YGR252W	0.93947
16	YBL026W	0.93945
17	YPL086C	0.93841
18	YGL008C	0.93788
19	YPL266W	0.9375
20	YER148W	0.93738
21	YJR065C	0.93734
22	YPL036W	0.93646
23	YOR061W	0.93538
24	YOR378W	0.93525
25	YFL026W	0.93349
26	YFL039C	0.93326
27	YER081W	0.93295
28	YDR021W	0.93241
29	YJL108C	0.93171
30	YOR257W	0.93136
31	YGL225W	0.93131
32	YMR109W	0.93105
33	YLR113W	0.93093
34	YER177W	0.9289
35	YNL290W	0.92885
36	YER039C	0.92839
37	YJL050W	0.92806
38	YIL074C	0.92779
39	YKL129C	0.92747
40	YPR204W	0.92746
41	YDR129C	0.92718
42	YNR053C	0.92696
43	YER069W	0.92691
44	YHL016C	0.92647
45	YKL190W	0.92629
46	YJR007W	0.92617
47	YDR099W	0.92572
48	YGL255W	0.92543
49	YGL091C	0.9252
50	YBL112C	0.925
51	YHR218W-A	0.925
52	YNR032C-A	0.92483
53	YBL016W	0.92463
54	YOL094C	0.92463
55	YNL191W	0.92426
56	YER171W	0.92368
57	YPR182W	0.92351
58	YKL218C	0.92313
59	YOR046C	0.92303
60	YKL196C	0.92239
61	YLR175W	0.92227
62	YBR143C	0.92077
63	YDR339C	0.92076
64	YCR047C	0.92018
65	YEL077C	0.92014
66	YDR540C	0.91979
67	YDL006W	0.91957
68	YGR210C	0.91903
69	YDL192W	0.9185
70	YDL166C	0.91777
71	YLR359W	0.91709
72	YBR154C	0.91708
73	YBR164C	0.91697
74	YDL137W	0.91678
75	YMR146C	0.91668
76	YMR290C	0.91565
77	YKL146W	0.91561
78	YDR343C	0.91544
79	YOR270C	0.91529
80	YHR092C	0.91523
81	YDR342C	0.91512
82	YDR341C	0.91496
83	YER094C	0.91483
84	YJL014W	0.91481
85	YLR466W	0.9147
86	YOR293W	0.91461
87	YEL051W	0.91458
88	YBR114W	0.91433
89	YNL189W	0.91401
90	YEL026W	0.91363
91	YFL017W-A	0.91322
92	YDR345C	0.91253
93	YER178W	0.91231
94	YNL090W	0.91227
95	YJL213W	0.91191
96	YLL050C	0.91188
97	YCR098C	0.91181
98	YER007C-A	0.91179
99	YFL058W	0.91176
100	YJR156C	0.91172
101	YNL332W	0.91171
102	YOR204W	0.91166
103	YMR230W	0.91143
104	YAL005C	0.91134
105	YDL001W	0.9111
106	YDL244W	0.91083
107	YOL133W	0.91076
108	YMR015C	0.91062
109	YHL040C	0.91056
110	YEL031W	0.91047
111	YHR218W	0.91031
112	YER052C	0.91027
113	YHR096C	0.90994
114	YHL047C	0.90993
115	YHR213W	0.90991
116	YAR062W	0.90991
117	YPR173C	0.90987
118	YOR153W	0.90985
119	YIL142W	0.90974
120	YML012W	0.90974
121	YLL024C	0.90939
122	YJL012C	0.90938
123	YNL112W	0.9092
124	YBL075C	0.909
125	YGL011C	0.90872
126	YDL047W	0.90869
127	YML018C	0.90867
128	YLR081W	0.90854
129	YOR327C	0.9085
130	YNR026C	0.90848
131	YOL038W	0.90803
132	YJL026W	0.90768
133	YBR160W	0.90767
134	YHR094C	0.90738
135	YMR011W	0.90737
136	YLL018C	0.90714
137	YNL209W	0.90711
138	YPL119C	0.9071
139	YJL164C	0.90708
140	YKR080W	0.90707
141	YKR002W	0.90705
142	YBR082C	0.90693
143	YCL017C	0.9068
144	YDR001C	0.9068
145	YPR138C	0.90677
146	YJL190C	0.90672
147	YAL026C	0.90669
148	YJL214W	0.90664
149	YDR353W	0.90661
150	YGL062W	0.9066
151	YER055C	0.90657
152	YKR039W	0.9065
153	YCR057C	0.90644
154	YER060W-A	0.90621
155	YDL229W	0.90589
156	YOL021C	0.90565
157	YEL042W	0.90563
158	YGL210W	0.90562
159	YBR080C	0.90552
160	YDR059C	0.90533
161	YGR040W	0.90529
162	YLR438C-A	0.90527
163	YDR075W	0.90526
164	YFL011W	0.9051
165	YPL203W	0.90506
166	YHR106W	0.90501
167	YER103W	0.9049
168	YER133W	0.90483
169	YHR007C	0.90468
170	YFL045C	0.90466
171	YDL126C	0.90461
172	YCL009C	0.90459
173	YJR068W	0.90445
174	YEL065W	0.90427
175	YLR367W	0.90384
176	YDL245C	0.90378
177	YDR406W	0.90377
178	YPL093W	0.90361
179	YKL104C	0.90355
180	YPL235W	0.90351
181	YMR034C	0.9033
182	YEL034W	0.9032
183	YCR010C	0.90315
184	YGR132C	0.90312
185	YJR153W	0.903
186	YEL069C	0.90297
187	YHR018C	0.90292
188	YGR231C	0.90283
189	YLR028C	0.90278
190	YJL034W	0.90275
191	YBR218C	0.90271
192	YBL078C	0.9025
193	YER056C	0.90232
194	YOR094W	0.90227
195	YNL244C	0.90226
196	YNR072W	0.90226
197	YJR158W	0.90224
198	YOR157C	0.90224
199	YBL030C	0.90223
200	YER012W	0.90177
201	YOL156W	0.90173
202	YBL091C	0.9017
203	YKL024C	0.9016
204	YJL219W	0.90153
205	YHR030C	0.90148
206	YIL148W	0.90143
207	YKR094C	0.90143
208	YGL256W	0.90131
209	YFL055W	0.90118
210	YML123C	0.90107
211	YDL055C	0.90102
212	YOL162W	0.90101
213	YPR183W	0.90077
214	YER031C	0.90074
215	YPL218W	0.90058
216	YNL104C	0.90039
217	YDR536W	0.90037
218	YIL170W	0.90014
219	YBL041W	0.90002
220	YDR375C	0.89969
221	YJL001W	0.89962
222	YGR121C	0.89926
223	YPL050C	0.89926
224	YER009W	0.8992
225	YNL132W	0.89909
226	YML069W	0.89902
227	YMR300C	0.89882
228	YLR167W	0.89877
229	YGL120C	0.89857
230	YOR197W	0.89846
231	YER060W	0.89817
232	YBL111C	0.8981
233	YJR025C	0.89784
234	YMR120C	0.89766
235	YLL067C	0.89761
236	YML001W	0.89754
237	YNL014W	0.89748
238	YOR108W	0.89745
239	YGR282C	0.89707
240	YPL234C	0.89702
241	YIL048W	0.89689
242	YBL022C	0.89685
243	YOL066C	0.89683
244	YJL167W	0.89649
245	YOR224C	0.89642
246	YBR296C	0.89627
247	YLR328W	0.89615
248	YBR249C	0.89594
249	YLR130C	0.89584
250	YBR085W	0.89575
251	YJR148W	0.89553
252	YGL087C	0.89545
253	YBL071W-A	0.89542
254	YHR148W	0.89538
255	YNL142W	0.89525
256	YLR249W	0.89524
257	YLR330W	0.8952
258	YML102W	0.89516
259	YFL038C	0.89514
260	YCR009C	0.8949
261	YNR002C	0.89488
262	YKL148C	0.89481
263	YPR110C	0.89472
264	YPL129W	0.89471
265	YLR289W	0.89469
266	YGR218W	0.89463
267	YDL168W	0.8945
268	YAL030W	0.89447
269	YJR049C	0.89439
270	YDR023W	0.89436
271	YPR033C	0.89434
272	YDR373W	0.89433
273	YDR232W	0.89431
274	YNR003C	0.89423
275	YJL045W	0.89421
276	YHR200W	0.89418
277	YML008C	0.89414
278	YKL216W	0.89406
279	YLR058C	0.89405
280	YNL010W	0.89389
281	YOR347C	0.89372
282	YDR011W	0.89354
283	YDL102W	0.8935
284	YDR238C	0.89325
285	YER190W	0.89321
286	YGL115W	0.89317
287	YDL182W	0.89317
288	YNL268W	0.89313
289	YPL094C	0.89307
290	YMR246W	0.89295
291	YLR134W	0.89294
292	YIL035C	0.89289
293	YLR433C	0.89278
294	YLR092W	0.89277
295	YDR155C	0.89273
296	YBR106W	0.89251
297	YNL330C	0.8925
298	YGR267C	0.89244
299	YMR108W	0.89242
300	YFR053C	0.89236
301	YLR005W	0.89233
302	YJL030W	0.89232
303	YNL241C	0.8923
304	YEL063C	0.89188
305	YMR236W	0.89181
306	YAL038W	0.89169
307	YHR110W	0.89163
308	YMR260C	0.89162
309	YNL277W	0.89157
310	YER107C	0.89154
311	YDR404C	0.89137
312	YBR126C	0.89131
313	YMR243C	0.8912
314	YPL058C	0.8911
315	YLR303W	0.89105
316	YDL140C	0.891
317	YOR202W	0.89088
318	YGL253W	0.89088
319	YLR438W	0.89084
320	YLR172C	0.89068
321	YGL167C	0.89068
322	YPR035W	0.89061
323	YLR186W	0.89051
324	YOL030W	0.8905
325	YKL001C	0.89047
326	YIL003W	0.89042
327	YBR187W	0.89037
328	YPR052C	0.89036
329	YMR307W	0.89025
330	YMR079W	0.89021
331	YGR211W	0.89008
332	YER020W	0.89005
333	YOR185C	0.89004
334	YJL008C	0.88994
335	YBR235W	0.88993
336	YLR044C	0.88982
337	YKR042W	0.88979
338	YDR510W	0.88966
339	YIL078W	0.88952
340	YBR196C	0.8894
341	YLL066C	0.88934
342	YNL123W	0.88924
343	YOR328W	0.88922
344	YDL134C	0.8892
345	YPL245W	0.88917
346	YGR152C	0.88901
347	YLR234W	0.88901
348	YKR038C	0.88897
349	YLR244C	0.88879
350	YDR454C	0.8886
351	YLR208W	0.88854
352	YML133C	0.88838
353	YCR073W-A	0.88829
354	YLR293C	0.88822
355	Q0130	0.88817
356	YPL199C	0.88813
357	YDL164C	0.88811
358	YGR123C	0.88803
359	YOR092W	0.88793
360	YBR121C	0.88784
361	YOL143C	0.8877
362	YBR241C	0.88764
363	YBR298C	0.8876
364	YPL175W	0.88757
365	YLR034C	0.88751
366	YNL270C	0.88742
367	YDR304C	0.8874
368	YDR196C	0.88737
369	YBR294W	0.88731
370	YPL221W	0.8873
371	YHR208W	0.88704
372	YLR355C	0.88699
373	YNL064C	0.88695
374	YIL177C	0.88692
375	YIL020C	0.8869
376	YPL259C	0.88676
377	YLR200W	0.88664
378	YKL033W-A	0.88663
379	YBR127C	0.88659
380	YBR222C	0.88659
381	YGR286C	0.88659
382	YPL106C	0.8865
383	YKL210W	0.88645
384	YNL255C	0.88642
385	YER145C	0.88641
386	YMR303C	0.88635
387	YDR448W	0.88626
388	YOR326W	0.88623
389	YDR158W	0.88621
390	YDL097C	0.88621
391	YJL225C	0.88616
392	YER166W	0.88615
393	YNL098C	0.88606
394	YHR057C	0.88592
395	YGL070C	0.88585
396	YER125W	0.88582
397	YLR420W	0.88581
398	YER099C	0.88574
399	YFL005W	0.88565
400	YKL166C	0.88561
401	YDL100C	0.88551
402	YGR185C	0.88549
403	YLR170C	0.88546
404	YAL023C	0.88545
405	YNL113W	0.88535
406	YFR044C	0.8853
407	YBR001C	0.8853
408	YJL033W	0.88518
409	YDL210W	0.88514
410	YOL097C	0.8851
411	YGR229C	0.88497
412	YIL009W	0.88496
413	YJR045C	0.88487
414	YJR047C	0.88482
415	YNL095C	0.88475
416	YGR020C	0.88464
417	YNL066W	0.88459
418	YHR070W	0.88451
419	YHL011C	0.88444
420	YEL030W	0.88444
421	YHL050C	0.88433
422	YOL086C	0.88424
423	YOR006C	0.88422
424	YJL218W	0.8842
425	YML057W	0.88406
426	YHR211W	0.88405
427	YLR193C	0.88389
428	YHR170W	0.88375
429	YLL063C	0.88374
430	YHR074W	0.88357
431	YOR323C	0.88357
432	YLR397C	0.88336
433	YAR002C-A	0.88332
434	YLR055C	0.88328
435	YEL011W	0.88296
436	YJL198W	0.88293
437	YOL151W	0.88285
438	YER179W	0.88285
439	YEL046C	0.88272
440	YLR375W	0.8827
441	YMR205C	0.88269
442	YBR089C-A	0.88242
443	YIR042C	0.88228
444	YPR194C	0.88227
445	YPL051W	0.88226
446	YLR195C	0.88219
447	YJL055W	0.88208
448	YPR062W	0.88206
449	YMR221C	0.88199
450	YIL116W	0.88199
451	YBR169C	0.88192
452	YOR004W	0.88191
453	YEL021W	0.88179
454	YKL152C	0.88175
455	YLR153C	0.88161
456	YNL288W	0.88151
457	YAR050W	0.88149
458	YOR380W	0.88147
459	YML064C	0.88143
460	YDL022W	0.8813
461	YOR122C	0.88128
462	YPL061W	0.88126
463	YDL131W	0.88126
464	YDL084W	0.88123
465	YPL276W	0.88122
466	YBR252W	0.88121
467	YPR086W	0.88119
468	YJL116C	0.88116
469	YAR073W	0.88112
470	YLR060W	0.88108
471	YGL099W	0.88096
472	YPR113W	0.88095
473	YCR008W	0.88095
474	YDR039C	0.88095
475	YDL201W	0.88094
476	YFR004W	0.88067
477	YPL231W	0.8806
478	YLR277C	0.88058
479	YGR010W	0.88043
480	YJR143C	0.88042
481	YDR040C	0.88041
482	YFR047C	0.8804
483	YPL237W	0.88034
484	YJL128C	0.88032
485	YOR099W	0.88025
486	YOR317W	0.88024
487	YOR298C-A	0.88023
488	YOL122C	0.8802
489	YBR261C	0.88015
490	YPR041W	0.88005
491	YDL188C	0.88003
492	YCL025C	0.87999
493	YPL028W	0.87999
494	YGR253C	0.87996
495	YGR087C	0.87986
496	YDL108W	0.87984
497	YMR080C	0.87977
498	YBR170C	0.87977
499	YDL222C	0.87975
500	YPR103W	0.87975
501	YER070W	0.87974
502	YDL083C	0.8796
503	YMR143W	0.8796
504	YMR056C	0.8796
505	YLR268W	0.87945
506	YJR095W	0.87938
507	YBR034C	0.87937
508	YEL058W	0.87937
509	YEL066W	0.87936
510	YFL056C	0.87933
511	YDR002W	0.87912
512	YDR038C	0.87892
513	YOR159C	0.87885
514	YOR396W	0.87879
515	YDR545W	0.87879
516	YLR467W	0.87879
517	YCR068W	0.87879
518	YOR393W	0.87876
519	YPL281C	0.87876
520	YNL135C	0.87867
521	YOR089C	0.8785
522	YGL001C	0.87838
523	YDL208W	0.87825
524	YMR305C	0.87818
525	YBR038W	0.8781
526	YLR147C	0.87805
527	YMR008C	0.87805
528	YGR191W	0.87798
529	YGR208W	0.87793
530	YDL095W	0.87783
531	YDR185C	0.8778
532	YLR258W	0.87775
533	YBR145W	0.8777
534	YDL014W	0.87768
535	YKL113C	0.87754
536	YMR241W	0.87748
537	YKR068C	0.87748
538	YJL121C	0.8774
539	YLR121C	0.8774
540	YBL036C	0.87734
541	YHR183W	0.87723
542	YER086W	0.8771
543	YMR323W	0.87709
544	YER165W	0.87706
545	YGR043C	0.87702
546	YER119C	0.87689
547	YDR519W	0.87687
548	YER159C	0.87685
549	YOR151C	0.87681
550	YOL132W	0.8767
551	YJL143W	0.87669
552	YPR051W	0.87668
553	YGR256W	0.87648
554	YNR034W	0.87647
555	YHR135C	0.87641
556	YDL243C	0.8764
557	YAL063C	0.8764
558	YPL111W	0.87627
559	YGR105W	0.87604
560	YDR037W	0.87603
561	YDR090C	0.87597
562	YER089C	0.87594
563	YGL097W	0.87592
564	YKR097W	0.87587
565	YLR213C	0.87576
566	YEL036C	0.87568
567	YGL077C	0.87567
568	YAR015W	0.8756
569	YDR190C	0.87558
570	YNL331C	0.87557
571	YOR128C	0.87556
572	YMR058W	0.87556
573	YGR279C	0.87554
574	YDR321W	0.8755
575	YLL039C	0.87544
576	YNL125C	0.87543
577	YBL068W	0.87523
578	YMR202W	0.87523
579	YKL035W	0.87522
580	YDL160C	0.87522
581	YPL204W	0.87513
582	YBR286W	0.87512
583	YBR234C	0.87505
584	YNR070W	0.87499
585	YBR109C	0.87494
586	YJR105W	0.87492
587	YGR296W	0.87483
588	YGL119W	0.87483
589	YPL283C	0.87482
590	YHR019C	0.87482
591	YEL060C	0.87482
592	YNL339C	0.87481
593	YNL222W	0.87478
594	YCL010C	0.87469
595	YBR287W	0.87464
596	YJR072C	0.87463
597	YOR362C	0.8746
598	YDL086W	0.87453
599	YOR161C	0.87445
600	YGL135W	0.87445
601	YPL220W	0.87445
602	YBR256C	0.8744
603	YOL158C	0.87439
604	YPL169C	0.87436
605	YGR060W	0.87431
606	YBL024W	0.87428
607	YNL231C	0.87421
608	YML124C	0.87419
609	YPR069C	0.87406
610	YLR237W	0.87398
611	YGR246C	0.8739
612	YKR093W	0.87388
613	YGL002W	0.8738
614	YPL246C	0.8738
615	YBR078W	0.87378
616	YIL066C	0.87376
617	YOR348C	0.87372
618	YFR015C	0.87372
619	YIL123W	0.87368
620	YGR085C	0.87365
621	YMR266W	0.87358
622	YHR050W	0.87358
623	YHR065C	0.87347
624	YGR100W	0.87341
625	YLR259C	0.87316
626	YJR159W	0.87314
627	YOR357C	0.87304
628	YDR046C	0.87301
629	YNL202W	0.873
630	YDR424C	0.87294
631	YLR152C	0.87293
632	YGL100W	0.87292
633	YLR304C	0.8729
634	YDL125C	0.87274
635	YOR027W	0.87274
636	YMR279C	0.87274
637	YKL217W	0.87272
638	YJL136C	0.8727
639	YER090W	0.87268
640	YEL040W	0.87268
641	YDL246C	0.87258
642	YDL128W	0.87245
643	YGR055W	0.87232
644	YNL259C	0.87231
645	YGR155W	0.8723
646	YNL329C	0.87224
647	YGL139W	0.87223
648	YER057C	0.87223
649	YJR160C	0.87218
650	YPR145W	0.87217
651	YNL044W	0.87212
652	YDR294C	0.87209
653	YPL031C	0.87201
654	YLR158C	0.87195
655	YLR157C	0.87195
656	YLR155C	0.87195
657	YLR160C	0.87195
658	YOR168W	0.87194
659	YFR009W	0.87188
660	YGR289C	0.87179
661	YBR043C	0.87176
662	YGL200C	0.87169
663	YNR013C	0.87163
664	YGL148W	0.87162
665	YMR226C	0.87151
666	YAL060W	0.87144
667	YBL039C	0.87141
668	YGL026C	0.87139
669	YMR084W	0.87125
670	YER026C	0.87124
671	YGL048C	0.87114
672	YAL042W	0.87105
673	YAL061W	0.87084
674	YOR388C	0.87084
675	YHR005C	0.87083
676	YBR088C	0.8708
677	YPR102C	0.87076
678	YGL252C	0.87064
679	YJR077C	0.87058
680	YOR217W	0.87043
681	YHR029C	0.87034
682	YMR244W	0.87025
683	YDR226W	0.8702
684	YGL078C	0.87016
685	YPL244C	0.87011
686	YLL056C	0.87008
687	YBR054W	0.87004
688	YER019W	0.86999
689	YER036C	0.86995
690	YLR069C	0.86971
691	YJL035C	0.86969
692	YKR026C	0.86959
693	YDR092W	0.86958
694	YIL064W	0.86958
695	YMR215W	0.86955
696	YGR240C	0.86949
697	YKL013C	0.86947
698	YML106W	0.86947
699	YGR173W	0.86945
700	YPR176C	0.86944
701	YGR163W	0.86943
702	YDR172W	0.86939
703	YNR050C	0.86938
704	YLR120C	0.86934
705	YNL138W	0.86932
706	YDR045C	0.86928
707	YCL040W	0.86923
708	YCL018W	0.86916
709	YFR014C	0.86916
710	YFR055W	0.86908
711	YHR144C	0.86906
712	YML080W	0.86905
713	YHR107C	0.86896
714	YML085C	0.86881
715	YJR152W	0.86871
716	YLR017W	0.86868
717	YMR217W	0.86864
718	YBR019C	0.86859
719	YPL265W	0.86841
720	YOR321W	0.86838
721	YLR324W	0.86831
722	YBR020W	0.86827
723	YHR068W	0.86822
724	YGR281W	0.86814
725	YDR062W	0.86807
726	YGR175C	0.86805
727	YCL073C	0.86804
728	YBR132C	0.86799
729	YOR187W	0.86783
730	YIR028W	0.86782
731	YKR057W	0.86771
732	YLR347C	0.86769
733	YCR072C	0.86767
734	YPR080W	0.86749
735	YJR073C	0.86746
736	YIL001W	0.86743
737	YDR167W	0.86742
738	YBL042C	0.86739
739	YLR384C	0.86735
740	YOL084W	0.86722
741	YJL111W	0.86717
742	YDR397C	0.86708
743	YBR263W	0.86707
744	YKL164C	0.86699
745	YBR015C	0.86697
746	YBR011C	0.86696
747	YKR106W	0.86693
748	YLR340W	0.86685
749	YNR065C	0.86684
750	YDR300C	0.8668
751	YGR048W	0.86679
752	YDR035W	0.86678
753	YDR033W	0.86674
754	YGR207C	0.86672
755	YDR120C	0.8667
756	YGL190C	0.86653
757	YAL036C	0.86639
758	YHR064C	0.8663
759	YIL121W	0.86622
760	YOR131C	0.86622
761	YPL154C	0.86619
762	YKR102W	0.86607
763	YNL108C	0.86606
764	YBL076C	0.86598
765	YPR081C	0.86597
766	YEL064C	0.86595
767	YGL201C	0.86592
768	YKL078W	0.86592
769	YKR050W	0.86582
770	YPR181C	0.8658
771	YOR095C	0.86576
772	YER095W	0.86571
773	YNL264C	0.86567
774	YJL217W	0.8656
775	YJL087C	0.8655
776	YAL062W	0.86545
777	YDR388W	0.86543
778	YNL154C	0.86543
779	YNL274C	0.86539
780	YLR432W	0.86533
781	YDL064W	0.86527
782	YLR354C	0.86527
783	YJR001W	0.86526
784	YDR291W	0.86521
785	YPL226W	0.86514
786	YEL041W	0.86514
787	YJR063W	0.86504
788	YLR216C	0.86497
789	YLR245C	0.86494
790	YKL046C	0.86489
791	YGL039W	0.86488
792	YPL264C	0.86487
793	YGL221C	0.86486
794	YDR394W	0.86478
795	YCR059C	0.86478
796	YMR116C	0.86473
797	YDR328C	0.86469
798	YGR135W	0.86468
799	YJR024C	0.86463
800	YOR259C	0.86455
801	YKL059C	0.86444
802	YGR124W	0.86441
803	YDR508C	0.86431
804	YFL041W	0.86428
805	YMR203W	0.86419
806	YHR012W	0.86405
807	YPL212C	0.86397
808	YMR292W	0.86392
809	YNR064C	0.86391
810	YDR234W	0.86391
811	YFL061W	0.86377
812	YNL335W	0.86377
813	YJL079C	0.86373
814	YHR089C	0.86355
815	YKR013W	0.86351
816	YNR055C	0.86345
817	YPR019W	0.86342
818	YDL052C	0.8634
819	YMR314W	0.8633
820	YMR083W	0.86323
821	YGL130W	0.86313
822	YML056C	0.86312
823	YBL113C	0.8631
824	YPR131C	0.86309
825	YJR069C	0.86306
826	YBR046C	0.86304
827	YIL053W	0.86298
828	YKL002W	0.86294
829	YDR093W	0.86291
830	YBR295W	0.86283
831	YOR192C	0.86273
832	YPR192W	0.86272
833	YCR021C	0.86266
834	YCR028C	0.86265
835	YHR042W	0.86259
836	YIL118W	0.86256
837	YMR071C	0.86255
838	YBR068C	0.86248
839	YDR497C	0.86243
840	YPL131W	0.86243
841	YGL157W	0.86241
842	YER006W	0.86238
843	YJL171C	0.86236
844	YJR139C	0.86236
845	YFR031C	0.86235
846	YKL127W	0.86234
847	YMR054W	0.86224
848	YER062C	0.86224
849	YAL012W	0.86222
850	YKL213C	0.8622
851	YKL067W	0.86216
852	YAL054C	0.86215
853	YML078W	0.86209
854	YDR541C	0.86207
855	YOR381W	0.86205
856	YKL069W	0.86191
857	YCL030C	0.8619
858	YIL169C	0.86186
859	YPL043W	0.8618
860	YOL058W	0.86178
861	YCR053W	0.86177
862	YIL043C	0.86177
863	YIL021W	0.86176
864	YJL208C	0.86176
865	YGL137W	0.86171
866	YIR031C	0.86171
867	YPL274W	0.8617
868	YOR087W	0.8617
869	YLR129W	0.86163
870	YPR167C	0.86161
871	YGR254W	0.8615
872	YOR117W	0.86148
873	YDR267C	0.86146
874	YOR196C	0.86141
875	YNL323W	0.86125
876	YOR358W	0.86124
877	YGL022W	0.8612
878	YDR398W	0.86118
879	YPL208W	0.86118
880	YLR243W	0.86115
881	YDL247W	0.86101
882	YIL160C	0.86095
883	YKL211C	0.86088
884	YMR105C	0.86087
885	YGL224C	0.86084
886	YMR183C	0.8608
887	YKL003C	0.86079
888	YOL068C	0.86062
889	YNL099C	0.86061
890	YCR037C	0.86055
891	YPR108W	0.86052
892	YNR043W	0.86048
893	YHL015W	0.86036
894	YIL162W	0.86034
895	YIL010W	0.86026
896	YDR447C	0.86019
897	YGL208W	0.86007
898	YOR243C	0.86005
899	YPL015C	0.86002
900	YJL094C	0.85999
901	YKL117W	0.85998
902	YAL020C	0.85997
903	YLR011W	0.85994
904	YBR117C	0.8599
905	YGR197C	0.85989
906	YOR375C	0.85985
907	YIL109C	0.85979
908	YOR241W	0.85969
909	YMR318C	0.85961
910	YER073W	0.8596
911	YHR216W	0.85956
912	YOR316C	0.85955
913	YOL112W	0.85952
914	YBL057C	0.85948
915	YIL166C	0.85941
916	YBR087W	0.85937
917	YDR116C	0.85937
918	YIR019C	0.85926
919	YLR326W	0.8592
920	YGL163C	0.85919
921	YJL159W	0.85914
922	YIR002C	0.85904
923	YOR133W	0.85901
924	YDL029W	0.85897
925	YMR285C	0.85896
926	YDR074W	0.85896
927	YFR028C	0.85894
928	YLR168C	0.85886
929	YDR111C	0.85885
930	YNR048W	0.85884
931	YDR516C	0.85884
932	YGR019W	0.85882
933	YBR243C	0.85874
934	YDR392W	0.85868
935	YLL026W	0.85866
936	YML024W	0.85865
937	YML075C	0.85864
938	YGL211W	0.85861
939	YDR083W	0.85861
940	YIR036C	0.85854
941	YDR047W	0.85851
942	YOL005C	0.85848
943	YOR283W	0.85848
944	YPL160W	0.85843
945	YER190C-A	0.85835
946	YGR296C-A	0.85835
947	YML133W-A	0.85835
948	YPL283W-A	0.85835
949	YNL339W-A	0.85835
950	YBL021C	0.85834
951	YBR021W	0.85824
952	YLR286C	0.85819
953	YGR094W	0.85817
954	YKL220C	0.85815
955	YBL029C-A	0.85811
956	YNL200C	0.85806
957	YGL017W	0.85805
958	YGL030W	0.85796
959	YDR483W	0.85794
960	YPL184C	0.8577
961	YOR071C	0.85766
962	YDR214W	0.85763
963	YML021C	0.85758
964	YNR060W	0.85755
965	YNL021W	0.85754
966	YKL184W	0.85752
967	YJR103W	0.85745
968	YPR160W	0.85739
969	YHR132C	0.85735
970	YJR124C	0.85731
971	YGL234W	0.8573
972	YCR012W	0.85729
973	YNL061W	0.85727
974	YLR220W	0.85722
975	YLL055W	0.8572
976	YDR481C	0.85716
977	YGR264C	0.85713
978	YOL139C	0.85711
979	YHR027C	0.85711
980	YDR212W	0.85707
981	YBR162C	0.85706
982	YMR301C	0.85701
983	YOL090W	0.85695
984	YLR429W	0.8568
985	YJL212C	0.85677
986	YKL144C	0.8567
987	YKL145W	0.85667
988	YGR065C	0.85665
989	YOL164W	0.85664
990	YPL240C	0.85663
991	YGR004W	0.8565
992	YPR193C	0.85642
993	YBR159W	0.85637
994	YER015W	0.85627
995	YDR139C	0.85625
996	YMR022W	0.85622
997	YLR059C	0.85621
998	YIR027C	0.8562
999	YOL080C	0.85614
1000	YDL103C	0.85613
1001	YLR398C	0.85611
1002	YBR248C	0.85603
1003	YMR271C	0.85597
1004	YBR035C	0.85596
1005	YLR137W	0.85594
1006	YGL058W	0.85585
1007	YDL046W	0.85578
1008	YJR155W	0.85573
1009	YGR028W	0.85573
1010	YDL144C	0.85569
1011	YBL099W	0.85561
1012	YLR189C	0.8556
1013	YER003C	0.85557
1014	YLR070C	0.85557
1015	YMR276W	0.85557
1016	YHL003C	0.85554
1017	YML092C	0.85551
1018	YIR035C	0.8555
1019	YCR017C	0.85548
1020	YBL105C	0.85546
1021	YDR135C	0.85544
1022	YHR163W	0.85537
1023	YER143W	0.85531
1024	YPL232W	0.85527
1025	YNL093W	0.85526
1026	YMR186W	0.85525
1027	YLL061W	0.85521
1028	YCR011C	0.85514
1029	YDL007W	0.85491
1030	YNR020C	0.85488
1031	YMR288W	0.85481
1032	YBR214W	0.8548
1033	YML116W	0.85477
1034	YGL207W	0.85472
1035	YFR010W	0.85468
1036	YOR142W	0.85461
1037	YIL120W	0.85443
1038	YJR017C	0.85442
1039	YPR074C	0.85441
1040	YLL060C	0.85438
1041	YKL163W	0.85434
1042	YMR224C	0.85422
1043	YKR056W	0.85422
1044	YIL094C	0.8542
1045	YHR174W	0.8541
1046	YML035C	0.85407
1047	YOR361C	0.85406
1048	YOR101W	0.85405
1049	YBR006W	0.85402
1050	YNR032W	0.85396
1051	YBL003C	0.85394
1052	YGR200C	0.85394
1053	YIR022W	0.85392
1054	YDL036C	0.85389
1055	YLR377C	0.85385
1056	YOL125W	0.85385
1057	YIL145C	0.85384
1058	YDR225W	0.85378
1059	YPR088C	0.85375
1060	YLR209C	0.85367
1061	YDR055W	0.85363
1062	YML094W	0.85347
1063	YBR245C	0.85341
1064	YHR031C	0.85335
1065	YER136W	0.85331
1066	YDR258C	0.8533
1067	YBR221C	0.85326
1068	YOL124C	0.85322
1069	YGL047W	0.85304
1070	YCR027C	0.85303
1071	YML067C	0.85302
1072	YKL027W	0.85301
1073	YDL147W	0.85301
1074	YOR236W	0.853
1075	YGR189C	0.85279
1076	YAL053W	0.85274
1077	YBR008C	0.85273
1078	YGL012W	0.85269
1079	YLR291C	0.85262
1080	YBR153W	0.85252
1081	YOL077C	0.85252
1082	YDR041W	0.85247
1083	YNL117W	0.85242
1084	YER043C	0.85241
1085	YJL216C	0.8524
1086	YMR178W	0.85238
1087	YOR086C	0.85229
1088	YAL067C	0.85228
1089	YHL036W	0.8522
1090	YIL088C	0.85219
1091	YFL057C	0.85214
1092	YHR026W	0.85213
1093	YIL103W	0.85213
1094	YOR332W	0.85202
1095	YLR382C	0.85198
1096	YDR264C	0.85197
1097	YKL039W	0.8519
1098	YKL107W	0.85185
1099	YIR029W	0.8518
1100	YHR190W	0.85175
1101	YPL135W	0.85175
1102	YLR447C	0.85169
1103	YLR074C	0.85168
1104	YNL287W	0.85166
1105	YEL020C	0.85163
1106	YNL281W	0.8516
1107	YDL135C	0.85155
1108	YDL155W	0.85155
1109	YKR018C	0.85149
1110	YJR058C	0.85145
1111	YNL175C	0.85137
1112	YMR194C-B	0.85135
1113	YMR235C	0.85131
1114	YAL029C	0.85127
1115	YOR074C	0.85102
1116	YMR222C	0.85098
1117	YER065C	0.85096
1118	YBL023C	0.85094
1119	YHR044C	0.85087
1120	YPL187W	0.85084
1121	YNL275W	0.85078
1122	YMR238W	0.85076
1123	YDR402C	0.85067
1124	YOL157C	0.85061
1125	YER110C	0.85038
1126	YBR264C	0.85027
1127	YER185W	0.85026
1128	YOL011W	0.85025
1129	YOR226C	0.85021
1130	YPL010W	0.85018
1131	YLR181C	0.85017
1132	YEL039C	0.85011
1133	YNL082W	0.85001
1134	YGL122C	0.84997
1135	YAR007C	0.84993
1136	YGL006W	0.84986
1137	YDR297W	0.8497
1138	YEL038W	0.8497
1139	YJL060W	0.84964
1140	YER074W-A	0.84959
1141	YJR015W	0.84951
1142	YDR465C	0.84942
1143	YNR073C	0.84937
1144	YEL070W	0.84937
1145	YOL103W	0.84934
1146	YOL129W	0.84931
1147	YDR280W	0.84929
1148	YGR248W	0.84922
1149	YGR287C	0.84918
1150	YMR297W	0.84916
1151	YBR208C	0.84915
1152	YHR112C	0.84914
1153	YJR109C	0.84908
1154	YDR533C	0.84892
1155	YLR138W	0.84892
1156	YDR539W	0.84884
1157	YPL013C	0.84879
1158	YHR193C	0.84879
1159	YNL232W	0.84873
1160	YFL037W	0.84867
1161	YHR032W	0.84866
1162	YJL221C	0.84858
1163	YIL172C	0.84858
1164	YEL037C	0.84857
1165	YLR027C	0.8485
1166	YDR013W	0.8485
1167	YKL004W	0.84836
1168	YOR109W	0.84825
1169	YOR335C	0.84815
1170	YOL075C	0.84812
1171	YJR014W	0.8481
1172	YMR268C	0.84808
1173	YCL033C	0.84805
1174	YHR043C	0.84801
1175	YGR244C	0.8479
1176	YER023W	0.84786
1177	YOR339C	0.84786
1178	YCR105W	0.84782
1179	YGR125W	0.8478
1180	YMR006C	0.84774
1181	YIL065C	0.84773
1182	YOR155C	0.84766
1183	YNL096C	0.84765
1184	YCR020C-A	0.84764
1185	YHR169W	0.84747
1186	YNL111C	0.84745
1187	YBR242W	0.84732
1188	YBR073W	0.84731
1189	YLR146C	0.84731
1190	YPL091W	0.84725
1191	YGL171W	0.84724
1192	YMR167W	0.84722
1193	YDL049C	0.84719
1194	YFL053W	0.84716
1195	YPL236C	0.84714
1196	YKL191W	0.84714
1197	YJL155C	0.84713
1198	YLR409C	0.84708
1199	YHR020W	0.84705
1200	YMR138W	0.84705
1201	YDR456W	0.8469
1202	YFR048W	0.84681
1203	YOL016C	0.84678
1204	YOR007C	0.84676
1205	YBR202W	0.84675
1206	YHR005C-A	0.84672
1207	YHR025W	0.84671
1208	YBR198C	0.84666
1209	YBL001C	0.84653
1210	YDL238C	0.84647
1211	YBR267W	0.84647
1212	YDL174C	0.84641
1213	YMR210W	0.84639
1214	YNR019W	0.84637
1215	YGL186C	0.84622
1216	YLR241W	0.84617
1217	YBL050W	0.84608
1218	YJR070C	0.84604
1219	YDR121W	0.84602
1220	YHR047C	0.846
1221	YPL213W	0.84598
1222	YLR451W	0.84596
1223	YIR034C	0.84588
1224	YOR119C	0.84586
1225	YBL106C	0.84578
1226	YEL071W	0.84577
1227	YGL232W	0.84563
1228	YBR155W	0.84557
1229	YPL012W	0.84555
1230	YDR408C	0.84552
1231	YDL230W	0.84551
1232	YNL333W	0.84545
1233	YML022W	0.84544
1234	YLR411W	0.84542
1235	YBL011W	0.84541
1236	YFL067W	0.8454
1237	YOL142W	0.84539
1238	YKL080W	0.84538
1239	YPR056W	0.84527
1240	YOR163W	0.84523
1241	YOL092W	0.84519
1242	YBR291C	0.84515
1243	YJR144W	0.84512
1244	YOR003W	0.84504
1245	YPR003C	0.84499
1246	YER117W	0.84493
1247	YBL087C	0.84493
1248	YDR368W	0.84492
1249	YPL006W	0.8448
1250	YFL059W	0.8448
1251	YPL153C	0.84474
1252	YGR007W	0.84473
1253	YPR137W	0.84471
1254	YOR048C	0.8447
1255	YMR319C	0.84469
1256	YAR035W	0.84462
1257	YIL124W	0.84461
1258	YML079W	0.84457
1259	YLL008W	0.84454
1260	YLR410W	0.84452
1261	YAL044W-A	0.8445
1262	YER027C	0.84445
1263	YGL054C	0.84439
1264	YHR039C	0.8443
1265	YKL193C	0.84426
1266	YDL212W	0.84425
1267	YGL043W	0.84423
1268	YNL020C	0.84422
1269	YDR331W	0.84418
1270	YPR132W	0.84412
1271	YGR118W	0.84412
1272	YHR013C	0.84412
1273	YNL071W	0.84404
1274	YGL220W	0.84396
1275	YKL157W	0.84395
1276	YDR177W	0.84393
1277	YDR050C	0.8439
1278	YMR062C	0.84389
1279	YJL041W	0.84387
1280	YGL114W	0.84387
1281	YPR107C	0.84386
1282	YHR111W	0.84374
1283	YLL028W	0.84371
1284	YIL164C	0.84352
1285	YDR378C	0.84351
1286	YDR415C	0.84348
1287	YIR037W	0.84346
1288	YGR159C	0.84332
1289	YLR343W	0.84332
1290	YJL174W	0.84329
1291	YJR104C	0.84326
1292	YLR253W	0.84323
1293	YMR169C	0.8432
1294	YOL163W	0.84312
1295	YML014W	0.8431
1296	YGR213C	0.84307
1297	YFL017C	0.84304
1298	YAL049C	0.84301
1299	YOL110W	0.84295
1300	YHR203C	0.84291
1301	YJR145C	0.84291
1302	YER152C	0.84286
1303	YCR107W	0.84283
1304	YIR009W	0.84276
1305	YJL068C	0.84271
1306	YOR304W	0.84268
1307	YBR166C	0.84262
1308	YFR051C	0.84258
1309	YMR239C	0.84254
1310	YLR307W	0.8425
1311	YOR126C	0.84246
1312	YDR502C	0.84243
1313	YNL207W	0.84241
1314	YOL137W	0.84234
1315	YOL055C	0.84231
1316	YBR029C	0.84225
1317	YOR351C	0.84215
1318	YDL037C	0.84199
1319	YDR144C	0.84192
1320	YHR100C	0.84178
1321	YMR278W	0.84174
1322	YEL032W	0.84158
1323	YOR065W	0.84156
1324	YPR025C	0.84149
1325	YNL307C	0.84148
1326	YJL002C	0.84144
1327	YPL122C	0.84142
1328	YOR239W	0.84141
1329	YJL124C	0.84139
1330	YDR007W	0.84135
1331	YER162C	0.8413
1332	YKL021C	0.84126
1333	YDR270W	0.84124
1334	YGR138C	0.84117
1335	YJR151C	0.84115
1336	YCR005C	0.8411
1337	YJL134W	0.84105
1338	YPL183C	0.84094
1339	YLR348C	0.84091
1340	YER174C	0.8409
1341	YDR384C	0.84072
1342	YKL114C	0.8407
1343	YDL236W	0.8407
1344	YOR145C	0.84064
1345	YLR412W	0.8406
1346	YDL087C	0.84058
1347	YLL018C-A	0.84048
1348	YFR021W	0.84047
1349	YCL059C	0.84036
1350	YDL042C	0.8403
1351	YPL275W	0.84017
1352	YBL017C	0.84016
1353	YKR062W	0.84005
1354	YIR026C	0.83998
1355	YFR030W	0.83996
1356	YBR265W	0.83987
1357	YNR046W	0.83983
1358	YGR024C	0.8398
1359	YGL105W	0.83979
1360	YKL160W	0.83976
1361	YGL050W	0.8397
1362	YOR209C	0.83965
1363	YML010W	0.83962
1364	YOR384W	0.83961
1365	YLR038C	0.83954
1366	YCR061W	0.83942
1367	YBL032W	0.83938
1368	YOR084W	0.83928
1369	YER053C	0.83927
1370	YDR140W	0.83912
1371	YNL194C	0.8391
1372	YOR369C	0.83907
1373	YFL001W	0.83906
1374	YNL072W	0.83898
1375	YKL126W	0.83893
1376	YLR004C	0.83891
1377	YLR075W	0.83887
1378	YKR024C	0.83885
1379	YER183C	0.83884
1380	YKL028W	0.83884
1381	YBL007C	0.83869
1382	YOR120W	0.83848
1383	YJR048W	0.83847
1384	YNL220W	0.83846
1385	YGR021W	0.83845
1386	YLR231C	0.83844
1387	YCL054W	0.83833
1388	YLL058W	0.83832
1389	YOR341W	0.8383
1390	YDR452W	0.83823
1391	YGR234W	0.83821
1392	YLL029W	0.83817
1393	YEL047C	0.83815
1394	YOR207C	0.83815
1395	YIL014W	0.83784
1396	YER142C	0.83775
1397	YKL197C	0.8377
1398	YOR391C	0.83766
1399	YFL018C	0.83759
1400	YNL023C	0.83751
1401	YOL034W	0.83747
1402	YLR369W	0.83747
1403	YOR250C	0.83742
1404	YNL087W	0.83741
1405	YDR224C	0.83739
1406	YBR037C	0.83731
1407	YER013W	0.83729
1408	YPR004C	0.83728
1409	YOR096W	0.83726
1410	YLR180W	0.83722
1411	YMR220W	0.83721
1412	YFR006W	0.8372
1413	YNL088W	0.83719
1414	YBR228W	0.83715
1415	YNR015W	0.83711
1416	YJL200C	0.8371
1417	YOR036W	0.8371
1418	YOR206W	0.83703
1419	YOR262W	0.83702
1420	YOL119C	0.837
1421	YNL037C	0.83698
1422	YMR250W	0.83682
1423	YHL017W	0.83681
1424	YOR356W	0.83673
1425	YGR180C	0.8367
1426	YKL120W	0.83669
1427	YCL036W	0.83667
1428	YKR053C	0.8366
1429	YPR186C	0.83644
1430	YJL024C	0.83643
1431	YEL001C	0.83638
1432	YBL018C	0.83635
1433	YMR304W	0.83632
1434	YGR224W	0.83628
1435	YOR306C	0.83628
1436	YPL151C	0.83626
1437	YNR057C	0.83625
1438	YLR399C	0.8362
1439	YMR009W	0.83618
1440	YCL035C	0.83617
1441	YLR285W	0.83613
1442	YPL046C	0.83612
1443	YGR199W	0.83607
1444	YBR058C	0.83606
1445	YOR184W	0.83605
1446	YMR315W	0.83604
1447	YMR262W	0.83601
1448	YGL063W	0.83594
1449	YER175C	0.83592
1450	YKL181W	0.83587
1451	YHR088W	0.83587
1452	YBL002W	0.83583
1453	YDL057W	0.83583
1454	YMR095C	0.8358
1455	Q0275	0.83574
1456	YIR008C	0.83574
1457	YKL053C-A	0.83567
1458	YKL161C	0.83563
1459	YGR220C	0.83562
1460	YAL009W	0.83556
1461	YHR129C	0.83545
1462	YDR324C	0.8354
1463	YKR043C	0.83539
1464	YIL075C	0.83534
1465	YNL141W	0.83533
1466	YER146W	0.83529
1467	YDR148C	0.83525
1468	YNL067W	0.83523
1469	YNL007C	0.83523
1470	YOL093W	0.83516
1471	YBR220C	0.83515
1472	YDR522C	0.83515
1473	YPL042C	0.83513
1474	YKL094W	0.83511
1475	YPL211W	0.83498
1476	YPR032W	0.83498
1477	YHR191C	0.83488
1478	YOL130W	0.83484
1479	YBL015W	0.83478
1480	YIL063C	0.83478
1481	YJL052W	0.83475
1482	YPL280W	0.8347
1483	YEL052W	0.83467
1484	YNL075W	0.83464
1485	YAL035W	0.8345
1486	YAL039C	0.83448
1487	YML115C	0.83448
1488	YOR273C	0.83448
1489	YMR027W	0.83437
1490	YFL060C	0.83428
1491	YJL125C	0.83421
1492	YBR137W	0.83417
1493	YPR180W	0.83415
1494	YOR011W	0.83414
1495	YGL202W	0.83408
1496	YLL027W	0.83406
1497	YOL060C	0.83406
1498	YMR113W	0.83387
1499	YGR245C	0.83384
1500	YJR009C	0.83374
1501	YHR069C	0.83373
1502	YKR009C	0.83371
1503	YNL223W	0.83362
1504	YJR016C	0.83351
1505	YDR063W	0.8335
1506	YCR004C	0.83349
1507	YBL056W	0.83347
1508	YHR168W	0.83346
1509	YNL334C	0.83346
1510	YAR042W	0.83345
1511	YPL258C	0.83335
1512	YKR074W	0.83334
1513	YJL222W	0.8333
1514	YLR218C	0.83328
1515	YMR170C	0.83317
1516	YML121W	0.83316
1517	YDL205C	0.83315
1518	YML126C	0.83315
1519	YFR050C	0.83309
1520	YMR322C	0.83305
1521	YLR126C	0.83304
1522	YDL124W	0.83297
1523	YOR374W	0.83296
1524	YGR029W	0.83286
1525	YIL008W	0.8328
1526	YLR197W	0.8328
1527	YJR096W	0.83279
1528	YDL193W	0.83275
1529	YIR012W	0.83275
1530	YOR310C	0.83275
1531	YKR001C	0.83264
1532	YIL173W	0.83258
1533	YBR003W	0.83257
1534	YKL151C	0.83249
1535	YAL003W	0.83249
1536	YBR237W	0.83247
1537	YJR032W	0.83247
1538	YFR018C	0.83243
1539	YGR103W	0.83242
1540	YPL067C	0.8324
1541	Q0085	0.83239
1542	YNL148C	0.83235
1543	YDR032C	0.83228
1544	YMR092C	0.83228
1545	YCR094W	0.83223
1546	YOL002C	0.83223
1547	YJR116W	0.83217
1548	YHR108W	0.83217
1549	YKR066C	0.83214
1550	Q0250	0.83213
1551	YJR131W	0.83213
1552	YML086C	0.83212
1553	YML101C	0.83206
1554	YOL062C	0.83187
1555	YCR051W	0.83185
1556	YDR009W	0.83183
1557	YDL051W	0.8318
1558	YOL012C	0.83174
1559	YLR262C	0.83171
1560	YGR001C	0.83163
1561	YMR049C	0.83163
1562	YKL182W	0.8316
1563	YFL008W	0.83159
1564	YPL017C	0.83159
1565	YNL312W	0.83157
1566	YLR214W	0.83156
1567	YOL041C	0.8315
1568	YLR203C	0.83147
1569	YIL108W	0.83145
1570	YOR110W	0.83144
1571	YLR401C	0.83143
1572	YGL147C	0.83138
1573	YGR271W	0.83136
1574	YNL106C	0.83133
1575	YLR222C	0.83116
1576	YPR156C	0.83108
1577	YBR115C	0.83107
1578	YGL206C	0.83105
1579	YDR098C	0.83103
1580	YBR236C	0.83099
1581	YML070W	0.83097
1582	YNR011C	0.83097
1583	YGL103W	0.83095
1584	YMR123W	0.8309
1585	YFL034C-B	0.83076
1586	YCR048W	0.83073
1587	YDR019C	0.83071
1588	YLR014C	0.83067
1589	YJL145W	0.83062
1590	YGR292W	0.8305
1591	YER120W	0.83044
1592	YBR069C	0.83044
1593	YFL002C	0.83044
1594	YLR117C	0.83035
1595	YPL206C	0.83035
1596	YCR002C	0.83033
1597	YGR247W	0.8302
1598	YML072C	0.8302
1599	YPL143W	0.83019
1600	YGL068W	0.83017
1601	YGR192C	0.83016
1602	YOR181W	0.8301
1603	YIL052C	0.82997
1604	YMR214W	0.82992
1605	YDL185W	0.82991
1606	YGL009C	0.8299
1607	YOR039W	0.82989
1608	YBL091C-A	0.82986
1609	YPR112C	0.82985
1610	YDR086C	0.82983
1611	YER044C	0.82981
1612	YDL080C	0.8297
1613	YDL213C	0.82966
1614	YLL009C	0.82964
1615	YLR008C	0.82955
1616	YOL059W	0.82954
1617	YPR054W	0.82953
1618	YDR109C	0.82948
1619	YGR083C	0.82948
1620	YPL127C	0.82936
1621	YDL138W	0.82934
1622	YOR091W	0.82933
1623	YBR299W	0.82928
1624	YOR303W	0.82928
1625	YER056C-A	0.82927
1626	YNL134C	0.82913
1627	YDL194W	0.82913
1628	YPR010C	0.82911
1629	YHR175W	0.8291
1630	YDL018C	0.82908
1631	YOL165C	0.82906
1632	YLL053C	0.82904
1633	YJR130C	0.82902
1634	YKL135C	0.82899
1635	YLL045C	0.82898
1636	YBR251W	0.82892
1637	YLR056W	0.82892
1638	YJR107W	0.82884
1639	YMR090W	0.82882
1640	YIL165C	0.82879
1641	YJL172W	0.82874
1642	YMR093W	0.82872
1643	YNL229C	0.82871
1644	YHR147C	0.8286
1645	YCL043C	0.82838
1646	YPR159W	0.82837
1647	YLR210W	0.82831
1648	YBR092C	0.82827
1649	YDR272W	0.82818
1650	YPR024W	0.82814
1651	YKR105C	0.82812
1652	YGR260W	0.82811
1653	YJL158C	0.82811
1654	YML131W	0.82811
1655	YER082C	0.82809
1656	YFL050C	0.82805
1657	YPR002W	0.82804
1658	YDR429C	0.82802
1659	YOL153C	0.82802
1660	YBR031W	0.82799
1661	YDR490C	0.82797
1662	YFL022C	0.8279
1663	YLL011W	0.82786
1664	YDR487C	0.82785
1665	YMR197C	0.82784
1666	YLR078C	0.82781
1667	YPL227C	0.8278
1668	YGR204W	0.82771
1669	YKL084W	0.8277
1670	YNL130C	0.82769
1671	YJL160C	0.82766
1672	YDR127W	0.82762
1673	YOL115W	0.8276
1674	YDL178W	0.82754
1675	YMR132C	0.82754
1676	YOR291W	0.82751
1677	YKL128C	0.82746
1678	YML125C	0.82745
1679	YHR066W	0.82744
1680	YER017C	0.82743
1681	YOL009C	0.82741
1682	YDR418W	0.82739
1683	YEL054C	0.82739
1684	YJR074W	0.82739
1685	YGR012W	0.82733
1686	YER002W	0.82723
1687	YER176W	0.82723
1688	YNR008W	0.82718
1689	YMR085W	0.82716
1690	YNL024C	0.82711
1691	YDR191W	0.82703
1692	YEL024W	0.82703
1693	YDR534C	0.82702
1694	YJL088W	0.82699
1695	YDR060W	0.82694
1696	YEL004W	0.82682
1697	YHR181W	0.82676
1698	YDR211W	0.82671
1699	YER172C	0.82665
1700	YLR345W	0.82662
1701	YNL101W	0.82661
1702	YIL155C	0.82658
1703	YMR196W	0.82656
1704	YDR012W	0.82653
1705	YHR037W	0.82645
1706	YLR378C	0.82641
1707	YGR031W	0.8264
1708	YNR016C	0.82637
1709	YNL293W	0.8263
1710	YOR172W	0.82624
1711	YOL114C	0.82618
1712	YMR145C	0.82615
1713	YBR002C	0.82614
1714	YJL153C	0.82612
1715	YPL171C	0.82611
1716	YOR234C	0.82611
1717	YBR025C	0.8261
1718	YMR296C	0.8259
1719	YPL092W	0.82575
1720	YBR146W	0.82573
1721	YER004W	0.82572
1722	YKR104W	0.82567
1723	YGL123W	0.82557
1724	YNR027W	0.82556
1725	YMR200W	0.82552
1726	YNL016W	0.8255
1727	YER164W	0.82547
1728	YML038C	0.82544
1729	YDR276C	0.82541
1730	YBL040C	0.82538
1731	YMR089C	0.82528
1732	Q0045	0.82525
1733	YKR067W	0.82524
1734	YGR195W	0.82522
1735	YPR082C	0.82519
1736	YPL004C	0.82514
1737	YKR081C	0.82511
1738	YJL005W	0.82495
1739	YGL028C	0.82487
1740	YCL011C	0.82484
1741	YDL110C	0.82483
1742	YNL192W	0.8248
1743	YNL237W	0.82477
1744	YBR023C	0.82476
1745	YHR046C	0.82472
1746	YDR453C	0.82468
1747	YBR139W	0.82461
1748	YKL085W	0.82453
1749	YDR514C	0.82446
1750	YBR200W	0.82443
1751	YBL089W	0.82436
1752	YNL001W	0.82428
1753	YMR099C	0.82423
1754	YOR103C	0.8242
1755	YEL050C	0.82405
1756	YJL080C	0.82403
1757	YAL007C	0.82391
1758	YHR123W	0.82384
1759	YFR005C	0.82382
1760	YGL101W	0.82365
1761	YDL081C	0.82364
1762	YKL119C	0.82355
1763	YKL029C	0.8235
1764	YER005W	0.8235
1765	YLR351C	0.82342
1766	YGR005C	0.8234
1767	YEL020W-A	0.82334
1768	YLR108C	0.82334
1769	YGL055W	0.8233
1770	YIL099W	0.82328
1771	YKR051W	0.82321
1772	YMR308C	0.82316
1773	YDL109C	0.82316
1774	YCR023C	0.82314
1775	YJL093C	0.82311
1776	YML068W	0.82308
1777	YNL243W	0.823
1778	YMR253C	0.82298
1779	YDR263C	0.82293
1780	YFL048C	0.8229
1781	YGL245W	0.82283
1782	YHR039C-A	0.82279
1783	YDR438W	0.82278
1784	YPL262W	0.82276
1785	YGR181W	0.82273
1786	YML054C	0.82259
1787	YNR001C	0.82251
1788	YGR063C	0.82248
1789	YHR124W	0.82247
1790	YMR001C	0.82245
1791	YOL154W	0.82245
1792	YOR311C	0.82241
1793	YPR073C	0.82226
1794	YPR149W	0.82225
1795	YPR157W	0.8222
1796	YPR120C	0.82218
1797	YMR272C	0.82218
1798	YOR001W	0.82214
1799	YOL020W	0.82208
1800	YBR244W	0.82206
1801	YFL042C	0.82206
1802	YPR104C	0.82191
1803	YPL217C	0.8219
1804	YGR276C	0.82184
1805	YHR179W	0.82179
1806	YOL065C	0.82172
1807	YGL143C	0.82168
1808	YDR312W	0.8216
1809	YLR418C	0.8215
1810	YOR367W	0.82149
1811	YOR116C	0.82149
1812	YOR020C	0.82143
1813	YPR006C	0.82143
1814	YDL092W	0.82137
1815	YDL072C	0.82131
1816	YKL207W	0.8213
1817	YOR118W	0.82118
1818	YGL106W	0.82118
1819	YDL093W	0.82114
1820	YEL003W	0.82113
1821	YDL132W	0.82109
1822	YDR313C	0.82108
1823	YER091C	0.82105
1824	YPL059W	0.821
1825	YPL157W	0.82099
1826	YBR254C	0.82095
1827	YGR095C	0.8209
1828	YPR121W	0.82085
1829	YGL156W	0.82079
1830	YMR096W	0.82072
1831	YBR111C	0.82062
1832	YNL185C	0.82057
1833	YPR133C	0.82054
1834	YOR150W	0.82048
1835	YPL133C	0.82048
1836	YGL040C	0.82041
1837	YGR172C	0.82036
1838	YGR187C	0.82031
1839	YHR051W	0.82029
1840	YOR056C	0.82023
1841	YOL023W	0.8202
1842	YDR084C	0.82013
1843	YHL039W	0.82011
1844	YOL064C	0.8201
1845	YIL039W	0.82005
1846	YOL006C	0.82002
1847	YJL042W	0.81993
1848	YNR067C	0.81991
1849	YPR128C	0.81991
1850	YFL030W	0.8199
1851	YOR034C	0.8199
1852	YJL179W	0.81988
1853	YNL153C	0.81981
1854	YNL248C	0.81978
1855	YBL102W	0.81976
1856	YPR118W	0.81975
1857	YPL002C	0.81966
1858	YJR112W-A	0.81964
1859	YFR024C-A	0.81959
1860	YFL044C	0.81955
1861	YJR064W	0.81955
1862	YHR194W	0.81953
1863	YLR009W	0.8195
1864	YML005W	0.81942
1865	YIL168W	0.81941
1866	YGR145W	0.81932
1867	YJR057W	0.8193
1868	YNL292W	0.8191
1869	YDL190C	0.81904
1870	YAL021C	0.8189
1871	YGR092W	0.81889
1872	YBR227C	0.81888
1873	YNL321W	0.8188
1874	YHR161C	0.81873
1875	YDR170C	0.81873
1876	YDR058C	0.81868
1877	YPL198W	0.81864
1878	YHL033C	0.81858
1879	YKR014C	0.81855
1880	YML028W	0.81855
1881	YLR357W	0.81851
1882	YJL074C	0.81851
1883	YGR032W	0.81843
1884	YPL095C	0.81839
1885	YDL141W	0.81838
1886	YIL051C	0.81838
1887	YJL196C	0.81829
1888	YOL155C	0.81828
1889	YDR237W	0.81827
1890	YOR162C	0.81826
1891	YNL022C	0.81816
1892	YCR084C	0.81811
1893	YKL022C	0.81811
1894	YLR003C	0.81811
1895	YPL170W	0.81808
1896	YCR087C-A	0.81803
1897	YDR380W	0.81802
1898	YGL144C	0.81802
1899	YLR426W	0.81801
1900	YHR028C	0.81801
1901	YHR187W	0.81784
1902	YAR018C	0.81783
1903	YHR034C	0.81778
1904	YGR285C	0.81777
1905	YEL002C	0.81776
1906	YLR066W	0.81772
1907	YDR362C	0.81764
1908	YNR074C	0.81756
1909	YDR287W	0.81755
1910	YKL073W	0.81755
1911	YGL037C	0.81754
1912	YDR411C	0.81753
1913	YDR243C	0.81749
1914	YKL060C	0.81745
1915	YOR013W	0.81744
1916	YLR383W	0.81741
1917	YMR201C	0.81737
1918	YLL041C	0.81735
1919	YBR094W	0.81734
1920	YDR477W	0.81734
1921	YIL033C	0.8173
1922	YHL018W	0.81726
1923	YAL022C	0.81722
1924	YBR103W	0.8172
1925	YKR088C	0.81717
1926	YDR100W	0.81715
1927	YLL023C	0.81715
1928	YOR246C	0.81714
1929	YNL059C	0.81707
1930	YDR346C	0.81707
1931	YKL009W	0.81693
1932	YCR045C	0.81692
1933	YLR342W	0.8169
1934	YJR141W	0.81689
1935	YPR127W	0.81683
1936	YDR468C	0.8168
1937	YOR021C	0.81673
1938	YGL164C	0.81672
1939	YML065W	0.81659
1940	YNL055C	0.81647
1941	YHR063C	0.81643
1942	YHR121W	0.81634
1943	YJR125C	0.81623
1944	YLR188W	0.81618
1945	YLR361C	0.81616
1946	YHR003C	0.81614
1947	YDR105C	0.81613
1948	YBR183W	0.81613
1949	YCR069W	0.8161
1950	YLR446W	0.81603
1951	YNR012W	0.81597
1952	YDL019C	0.81588
1953	YPL282C	0.81584
1954	YOR394W	0.81584
1955	YGL251C	0.81582
1956	YLR276C	0.81581
1957	YDR381W	0.81581
1958	YCL069W	0.81579
1959	YML077W	0.81576
1960	YDL207W	0.81576
1961	YHR215W	0.8157
1962	YPL113C	0.8157
1963	YFL052W	0.81569
1964	YKL212W	0.81567
1965	YGL181W	0.81556
1966	YOR370C	0.81549
1967	YNL137C	0.81542
1968	YMR101C	0.81541
1969	YER168C	0.8154
1970	YDR145W	0.81537
1971	YAR071W	0.8153
1972	YHR142W	0.81527
1973	YJL081C	0.81526
1974	YPL194W	0.81525
1975	YOR222W	0.81524
1976	YGR093W	0.81513
1977	YDR471W	0.81513
1978	YHR024C	0.81513
1979	YIR023W	0.8151
1980	YIL016W	0.81507
1981	YGL033W	0.81505
1982	YGR262C	0.81504
1983	YER049W	0.81502
1984	YLR083C	0.81493
1985	YFL028C	0.81487
1986	YGL076C	0.81487
1987	YGR203W	0.81487
1988	YOR077W	0.81484
1989	YLR272C	0.81484
1990	YKL170W	0.81484
1991	YLR022C	0.8148
1992	YPL214C	0.81474
1993	YOL039W	0.81472
1994	YMR229C	0.81462
1995	YOR165W	0.81454
1996	YNL040W	0.81452
1997	YKL008C	0.8145
1998	YML098W	0.81443
1999	YLR196W	0.81438
2000	YFL034C-A	0.81437
2001	YPR190C	0.81431
2002	YDR336W	0.81431
2003	YGR277C	0.81427
2004	YBR093C	0.81423
2005	YDR399W	0.81423
2006	YMR269W	0.81417
2007	YHR010W	0.81413
2008	YPR140W	0.81413
2009	YOR052C	0.81408
2010	YNL081C	0.81405
2011	YBL061C	0.81405
2012	YIL114C	0.81402
2013	YDR056C	0.81394
2014	YLL057C	0.81391
2015	YPR163C	0.81388
2016	YOL140W	0.8138
2017	YPL008W	0.8137
2018	YIL083C	0.81368
2019	YAL016W	0.81365
2020	YHR040W	0.81363
2021	YER016W	0.81359
2022	YPR111W	0.81353
2023	YJL104W	0.81336
2024	YJL168C	0.81331
2025	YLR179C	0.8133
2026	YBR112C	0.81329
2027	YNL049C	0.81327
2028	YOR307C	0.81325
2029	YDR306C	0.81318
2030	YML074C	0.81318
2031	YLR449W	0.81317
2032	YNL163C	0.81315
2033	YDR064W	0.81311
2034	YLR086W	0.81303
2035	YHR104W	0.813
2036	YNL313C	0.81296
2037	YDR257C	0.81285
2038	YBR199W	0.81277
2039	YER156C	0.81274
2040	YFR038W	0.8127
2041	YFL034W	0.81265
2042	YPL079W	0.81263
2043	YLR389C	0.81255
2044	YGR141W	0.81253
2045	YOR271C	0.8125
2046	YHR205W	0.8125
2047	YJR132W	0.81249
2048	YGL044C	0.81247
2049	YNL246W	0.81246
2050	YNL065W	0.81245
2051	YFL004W	0.81243
2052	YKR070W	0.81228
2053	YDL130W	0.8122
2054	YBR014C	0.81215
2055	YKL091C	0.81213
2056	YNR054C	0.81212
2057	YOR261C	0.8121
2058	YBR167C	0.81208
2059	YER063W	0.81205
2060	YGR082W	0.81201
2061	YOL010W	0.81199
2062	YLL001W	0.81187
2063	YHL008C	0.81169
2064	YPR047W	0.81167
2065	YLR144C	0.81149
2066	YDR051C	0.81143
2067	YAL019W	0.81143
2068	YPR144C	0.81143
2069	YKR084C	0.81137
2070	YGR078C	0.81137
2071	YDL177C	0.81133
2072	YDR358W	0.81132
2073	YJL130C	0.81129
2074	YJR040W	0.81127
2075	YDR531W	0.81123
2076	YNL299W	0.81121
2077	YBR210W	0.81108
2078	YBR079C	0.81105
2079	YGL205W	0.81104
2080	YDL085W	0.81102
2081	YHR113W	0.81097
2082	YNL240C	0.81096
2083	YNL306W	0.81094
2084	YOR054C	0.8109
2085	YOR175C	0.81086
2086	YGR027C	0.81082
2087	YPL110C	0.81081
2088	YML082W	0.81078
2089	YGR214W	0.8106
2090	YGR037C	0.81059
2091	YDR117C	0.81047
2092	YNL107W	0.8104
2093	YBR205W	0.8104
2094	YHR002W	0.81035
2095	YOR040W	0.81033
2096	YDR165W	0.81032
2097	YFR025C	0.81019
2098	YLR386W	0.81015
2099	YPL117C	0.81014
2100	YDR188W	0.81014
2101	YBR191W	0.81
2102	YBR041W	0.80995
2103	YIL013C	0.80982
2104	YMR162C	0.80981
2105	YLL034C	0.80972
2106	YLR020C	0.80969
2107	YGL196W	0.80961
2108	YMR310C	0.8096
2109	YHR033W	0.80955
2110	YGR162W	0.80953
2111	YNL155W	0.80952
2112	YLR435W	0.80945
2113	YLR215C	0.80945
2114	YOR173W	0.80943
2115	YNL102W	0.8094
2116	YBL098W	0.80931
2117	YLR100W	0.80928
2118	YGL095C	0.80926
2119	YKR079C	0.80926
2120	YHR202W	0.80925
2121	YER134C	0.80924
2122	YGL173C	0.80922
2123	YCL048W	0.80918
2124	YDR097C	0.80918
2125	YPR119W	0.80912
2126	YGL020C	0.80911
2127	YHR210C	0.80908
2128	YGL238W	0.80907
2129	YMR306W	0.80902
2130	YHR164C	0.80897
2131	YCL074W	0.80895
2132	YLR450W	0.80887
2133	YMR277W	0.80886
2134	YBR061C	0.80886
2135	YPR153W	0.80884
2136	YLR421C	0.8088
2137	YHR091C	0.80871
2138	YOR274W	0.8087
2139	YPL134C	0.80869
2140	YGR288W	0.80868
2141	YDL104C	0.80862
2142	YDL217C	0.80858
2143	YMR038C	0.80852
2144	YPR172W	0.80852
2145	YDL090C	0.8085
2146	YHR219W	0.80849
2147	YPR201W	0.80845
2148	YOR018W	0.80843
2149	YCL045C	0.80842
2150	YER029C	0.80842
2151	YJL183W	0.80837
2152	YBR053C	0.80836
2153	YIL046W	0.80831
2154	YKR076W	0.8083
2155	YKR055W	0.80826
2156	YLR212C	0.80822
2157	YHL026C	0.80814
2158	YDR293C	0.8081
2159	YHL004W	0.80809
2160	YMR078C	0.80795
2161	YNR052C	0.8079
2162	YEL056W	0.8079
2163	YGR086C	0.80789
2164	YPR011C	0.80775
2165	YKL081W	0.80774
2166	YBR207W	0.8077
2167	YNL129W	0.8077
2168	YLR452C	0.80761
2169	YPL082C	0.8076
2170	YKL017C	0.80756
2171	YLR300W	0.80752
2172	YLR089C	0.80741
2173	YIR039C	0.80739
2174	YHL034C	0.80737
2175	YDR236C	0.80735
2176	YPL088W	0.80733
2177	YLR274W	0.80733
2178	YGL236C	0.80732
2179	YOR049C	0.80732
2180	YDR479C	0.8073
2181	YHR143W-A	0.80729
2182	YDL017W	0.80724
2183	YKL154W	0.80721
2184	YOR232W	0.80717
2185	YNL280C	0.80712
2186	YPL190C	0.80712
2187	YIL067C	0.80709
2188	YLL006W	0.80707
2189	YBR039W	0.80704
2190	YGR047C	0.80701
2191	YBR018C	0.80698
2192	YOL052C	0.80693
2193	YNR017W	0.80692
2194	YKL087C	0.80688
2195	YPL152W	0.80684
2196	YOR233W	0.80678
2197	YJR133W	0.80676
2198	YGL194C	0.80673
2199	YKL172W	0.80672
2200	YJR010W	0.80662
2201	YLR308W	0.80659
2202	YDR332W	0.80655
2203	YGR131W	0.80654
2204	YER066W	0.80651
2205	YML052W	0.80642
2206	YPL176C	0.80632
2207	YDR292C	0.80631
2208	YNL056W	0.8063
2209	YCR102C	0.80627
2210	YDR164C	0.80617
2211	YIL125W	0.80614
2212	YKL221W	0.80609
2213	YDR142C	0.80607
2214	YGR266W	0.80605
2215	YIL126W	0.80604
2216	YLR333C	0.80593
2217	YER100W	0.80589
2218	YIL068C	0.80585
2219	YIL034C	0.80583
2220	YCR060W	0.80575
2221	YLR427W	0.80568
2222	YNL121C	0.80559
2223	YDL215C	0.80557
2224	YLR105C	0.80556
2225	YNL206C	0.80535
2226	YBR177C	0.80534
2227	YML004C	0.80529
2228	YCR100C	0.80529
2229	YDR337W	0.80521
2230	YDL004W	0.80517
2231	YMR218C	0.80515
2232	YNL212W	0.8051
2233	YBR052C	0.80505
2234	YER059W	0.80502
2235	YKL095W	0.80501
2236	YBL101C	0.80501
2237	YIL015W	0.80498
2238	YGR268C	0.80493
2239	YOR010C	0.80483
2240	YLR251W	0.80473
2241	YFR027W	0.80468
2242	YJR117W	0.80464
2243	YGL004C	0.80462
2244	YPR178W	0.80461
2245	YKL156W	0.80456
2246	YDR364C	0.80454
2247	YGL049C	0.8045
2248	YHR189W	0.8045
2249	YJR129C	0.80445
2250	YAL001C	0.80445
2251	YDL145C	0.80434
2252	YNR051C	0.80429
2253	YJL186W	0.80428
2254	YPR058W	0.80419
2255	YBR096W	0.80416
2256	YPL030W	0.80413
2257	YDR182W	0.80412
2258	YOR009W	0.80405
2259	YDL060W	0.80403
2260	YKR095W-A	0.80401
2261	YLR335W	0.804
2262	YIL091C	0.80391
2263	YKL051W	0.80389
2264	YMR225C	0.80383
2265	YLR325C	0.80382
2266	YDR459C	0.80379
2267	YLR405W	0.80377
2268	YMR104C	0.80376
2269	YGR283C	0.80371
2270	YPR028W	0.80366
2271	YEL044W	0.80359
2272	YLR270W	0.80358
2273	YDL202W	0.80355
2274	YML087C	0.80348
2275	YLR275W	0.80347
2276	YBR149W	0.80344
2277	YLR037C	0.80342
2278	YLR048W	0.80341
2279	YOR057W	0.80336
2280	YDL200C	0.80325
2281	YMR244C-A	0.80322
2282	YLR460C	0.80318
2283	YLL025W	0.80317
2284	YOR265W	0.80315
2285	YIL153W	0.80314
2286	YPL224C	0.80307
2287	YGL241W	0.803
2288	YDR305C	0.80297
2289	YDR498C	0.80295
2290	YBR062C	0.80295
2291	YDL031W	0.80282
2292	YDR492W	0.80278
2293	YHR001W	0.80268
2294	YLR047C	0.80268
2295	YDL143W	0.80266
2296	YPR147C	0.80259
2297	YLR072W	0.80256
2298	YLL036C	0.80252
2299	YJL129C	0.80247
2300	YDR338C	0.80242
2301	YCR028C-A	0.80241
2302	YJL082W	0.80239
2303	YMR228W	0.80238
2304	YJR013W	0.80237
2305	YAL033W	0.80233
2306	YPL001W	0.8023
2307	YFR032C	0.8023
2308	YMR131C	0.80229
2309	YBR101C	0.80226
2310	YBL082C	0.80224
2311	YDR421W	0.80223
2312	YER030W	0.80217
2313	YHR176W	0.80217
2314	YDR067C	0.80207
2315	YDR173C	0.80206
2316	YHR048W	0.80194
2317	YFR041C	0.80194
2318	YNL190W	0.80194
2319	YBR223C	0.80189
2320	YDL101C	0.80175
2321	YPL048W	0.8015
2322	YOL113W	0.80147
2323	YNR071C	0.80134
2324	YLR145W	0.80127
2325	YPL195W	0.80104
2326	YDR107C	0.80102
2327	YDL078C	0.80101
2328	YKL064W	0.80101
2329	YEL029C	0.80101
2330	YMR208W	0.801
2331	YOR164C	0.80099
2332	YHL046C	0.80096
2333	YOR141C	0.80076
2334	YIL062C	0.80076
2335	YOR340C	0.80075
2336	YPR034W	0.80073
2337	YBR180W	0.80062
2338	YDR513W	0.8006
2339	YOR154W	0.80059
2340	YBL038W	0.80058
2341	YDR325W	0.80052
2342	YLR099C	0.80047
2343	YNL161W	0.80043
2344	YLL048C	0.80028
2345	YAR003W	0.80023
2346	YDL171C	0.8002
2347	Q0050	0.80011
2348	YPL207W	0.8
2349	YOR258W	0.79998
2350	YKL103C	0.79985
2351	YLL012W	0.79981
2352	YHR021C	0.79964
2353	YGL240W	0.79964
2354	YNL247W	0.79957
2355	YOL147C	0.79951
2356	YML026C	0.7995
2357	YDR450W	0.7995
2358	YNL181W	0.79943
2359	YJR149W	0.79943
2360	YMR325W	0.79933
2361	YOL135C	0.79932
2362	YCR106W	0.79928
2363	YHR178W	0.79928
2364	YMR069W	0.79927
2365	YGR232W	0.79926
2366	YKL007W	0.79922
2367	YBL019W	0.79913
2368	YER001W	0.79913
2369	YMR139W	0.79902
2370	YBR055C	0.79899
2371	YNL045W	0.79895
2372	YOR272W	0.79891
2373	YPL179W	0.79885
2374	YFL020C	0.79883
2375	YPL239W	0.7988
2376	YGR294W	0.79877
2377	YKL224C	0.79873
2378	YKL215C	0.79868
2379	YGL243W	0.79868
2380	YOR132W	0.79864
2381	YDL167C	0.79864
2382	YNL260C	0.79861
2383	YGL154C	0.79856
2384	YNL169C	0.79854
2385	YOR201C	0.79853
2386	YKR048C	0.79852
2387	YGL003C	0.79841
2388	YOR285W	0.79839
2389	YDR400W	0.79839
2390	YOL018C	0.79838
2391	YDL123W	0.79837
2392	YNL238W	0.79836
2393	YOR213C	0.79835
2394	YBL067C	0.79833
2395	YJR061W	0.79832
2396	YDR382W	0.79831
2397	YPL164C	0.79827
2398	YBL108C-A	0.79826
2399	YAL068C	0.79826
2400	YGL261C	0.79826
2401	YFR022W	0.79825
2402	YOR280C	0.79824
2403	YMR155W	0.79823
2404	YDR256C	0.79822
2405	Q0065	0.79822
2406	YGR143W	0.7982
2407	YIL113W	0.79815
2408	YGR009C	0.79814
2409	YGL112C	0.79813
2410	YLR306W	0.79812
2411	YAL048C	0.79811
2412	YDL033C	0.79809
2413	YJR010C-A	0.79802
2414	YOR294W	0.79793
2415	YMR251W	0.7979
2416	YDL150W	0.79787
2417	YOL098C	0.79784
2418	YJL178C	0.79784
2419	YOR390W	0.7978
2420	YIL047C	0.79779
2421	YML105C	0.79778
2422	YER126C	0.79777
2423	YGR241C	0.79769
2424	YKL202W	0.79767
2425	YLR178C	0.79763
2426	YLR318W	0.79753
2427	YIL110W	0.79753
2428	YCL064C	0.79746
2429	YOR136W	0.79737
2430	YIR041W	0.79736
2431	YPR124W	0.79727
2432	YPL097W	0.79726
2433	YER010C	0.79724
2434	YPL009C	0.79724
2435	YPR161C	0.79719
2436	YLL064C	0.79715
2437	YNR076W	0.79715
2438	YPL116W	0.79711
2439	YOR296W	0.79709
2440	YCR104W	0.79701
2441	YGL140C	0.79698
2442	YDR419W	0.79691
2443	YOR016C	0.7969
2444	YJR008W	0.79682
2445	YPR188C	0.79681
2446	YLR284C	0.79676
2447	YLR114C	0.79669
2448	YHR072W	0.79665
2449	YDR405W	0.79665
2450	YKR072C	0.79664
2451	YBR301W	0.79664
2452	YDR530C	0.79651
2453	YDR444W	0.79646
2454	YLR448W	0.79646
2455	YJR137C	0.79642
2456	YGL242C	0.79632
2457	YDL040C	0.7963
2458	YDL085C-A	0.79629
2459	YLR461W	0.79628
2460	YOL096C	0.79627
2461	YLR029C	0.79625
2462	YPL249C	0.79622
2463	YER051W	0.79613
2464	YDR132C	0.7961
2465	YDL079C	0.79609
2466	YCR101C	0.7959
2467	YOL067C	0.79587
2468	YEL049W	0.79585
2469	YLR118C	0.79582
2470	YPL140C	0.79581
2471	YBR192W	0.79577
2472	YGL027C	0.79575
2473	YPL060W	0.79569
2474	YIL022W	0.79567
2475	YBR060C	0.79566
2476	YIL004C	0.79565
2477	YOR223W	0.79563
2478	YJR078W	0.7956
2479	YOL073C	0.79559
2480	YHR115C	0.79557
2481	YNL025C	0.79553
2482	YLL015W	0.79552
2483	YJR098C	0.79551
2484	YBL064C	0.79537
2485	YNL251C	0.79532
2486	YLR026C	0.7953
2487	YCR096C	0.79528
2488	YFL054C	0.79528
2489	YMR261C	0.79519
2490	YJR035W	0.79519
2491	YOR295W	0.79513
2492	YIL107C	0.79511
2493	YGR054W	0.7951
2494	YOL145C	0.79505
2495	YBR141C	0.795
2496	YER011W	0.79498
2497	YIL002C	0.79488
2498	YPL279C	0.79486
2499	YDR352W	0.79485
2500	Q0120	0.79484
2501	YML073C	0.79468
2502	YFL009W	0.79467
2503	YPR184W	0.79445
2504	YDR542W	0.7944
2505	YJL139C	0.79433
2506	YKL201C	0.79432
2507	YGL178W	0.79422
2508	YGL212W	0.79417
2509	YML025C	0.7941
2510	YJL223C	0.79402
2511	YIL176C	0.79402
2512	YDL105W	0.79391
2513	YJR154W	0.79391
2514	YHR151C	0.79388
2515	YIR032C	0.79379
2516	YDR365C	0.79377
2517	YJR067C	0.79375
2518	YBR176W	0.79372
2519	YCR030C	0.79371
2520	YMR102C	0.79371
2521	YMR302C	0.7937
2522	YKL194C	0.79363
2523	YPR100W	0.79358
2524	YCR067C	0.79357
2525	YKL065C	0.79353
2526	YNR029C	0.79353
2527	YBR024W	0.79345
2528	YKR017C	0.79344
2529	YNL282W	0.79341
2530	YJR121W	0.79339
2531	YER042W	0.79334
2532	YBR151W	0.79334
2533	YDR189W	0.79331
2534	YMR041C	0.79331
2535	YER157W	0.79328
2536	YGL045W	0.79325
2537	YOR330C	0.79325
2538	YDL120W	0.79321
2539	YOR176W	0.79321
2540	YNL256W	0.79319
2541	YMR263W	0.79318
2542	YGR261C	0.79308
2543	YDR440W	0.79303
2544	YOR244W	0.79299
2545	YML097C	0.79295
2546	YDR525W-A	0.79288
2547	YDR162C	0.79284
2548	YOR254C	0.79281
2549	YLR455W	0.7928
2550	YCL047C	0.79278
2551	YER098W	0.79269
2552	YNL328C	0.79262
2553	YER123W	0.79255
2554	YKR086W	0.79245
2555	YJR113C	0.7924
2556	YGL183C	0.7924
2557	YPR094W	0.79238
2558	YDR061W	0.79234
2559	YNL110C	0.79232
2560	YJR052W	0.79231
2561	YNL062C	0.79226
2562	YPR023C	0.79223
2563	YFL016C	0.79222
2564	YMR149W	0.7922
2565	YKL222C	0.79215
2566	YLR002C	0.79215
2567	YMR128W	0.79214
2568	YPL024W	0.79214
2569	YPL147W	0.79208
2570	YGL155W	0.79205
2571	YDR523C	0.79203
2572	YMR121C	0.79202
2573	YOR212W	0.792
2574	YKR003W	0.79197
2575	YLR250W	0.79171
2576	YMR180C	0.79166
2577	YGL082W	0.79159
2578	YEL019C	0.79153
2579	YBL058W	0.79143
2580	YLR192C	0.79143
2581	YCR044C	0.79139
2582	YNL316C	0.79128
2583	YJL036W	0.79127
2584	YIL150C	0.79127
2585	YOR216C	0.79122
2586	YGR111W	0.79121
2587	YDR282C	0.79121
2588	YAL015C	0.79115
2589	YLR143W	0.79112
2590	YGR209C	0.79103
2591	YNL069C	0.79103
2592	YPL083C	0.79098
2593	YLR133W	0.79097
2594	YIL030C	0.79096
2595	YML110C	0.79091
2596	YPL173W	0.79089
2597	YIL050W	0.79084
2598	YOL049W	0.79079
2599	YCR036W	0.79075
2600	YPR017C	0.79071
2601	YOR025W	0.79066
2602	YJL078C	0.79064
2603	YGL111W	0.79061
2604	YIL007C	0.79059
2605	YKL098W	0.79056
2606	YCL038C	0.79053
2607	YGR074W	0.79053
2608	YHR134W	0.79048
2609	YGL250W	0.79046
2610	YNL325C	0.79045
2611	YBR273C	0.79041
2612	YCR020C	0.79036
2613	YHL032C	0.79035
2614	YDR161W	0.7903
2615	YPL087W	0.79017
2616	YJR084W	0.79011
2617	YBR274W	0.79009
2618	YJL010C	0.79007
2619	YNR058W	0.79006
2620	YJL163C	0.79001
2621	YJL011C	0.78993
2622	YBR283C	0.7899
2623	YGR194C	0.78986
2624	YOL161C	0.78984
2625	YKR025W	0.78984
2626	YGR169C	0.78982
2627	YJL065C	0.78981
2628	YMR286W	0.78975
2629	YDR330W	0.7897
2630	YOL001W	0.78959
2631	YDR194C	0.78954
2632	YNL063W	0.78952
2633	YCR092C	0.78944
2634	YMR150C	0.78937
2635	YDR441C	0.78933
2636	YCL050C	0.78931
2637	YMR063W	0.78928
2638	YCL032W	0.78918
2639	YPR091C	0.78913
2640	YKR060W	0.7891
2641	YNL079C	0.78907
2642	YGL184C	0.78904
2643	YJR085C	0.78902
2644	YJR075W	0.78899
2645	YIL105C	0.78897
2646	YLR046C	0.78896
2647	YHR114W	0.78895
2648	YER170W	0.78892
2649	YGL031C	0.78884
2650	YER116C	0.78881
2651	YMR127C	0.7888
2652	YBR297W	0.78863
2653	YHR016C	0.78862
2654	YLR413W	0.78862
2655	YML055W	0.78861
2656	YBR042C	0.78859
2657	YLR316C	0.78855
2658	YER014W	0.78851
2659	YOR005C	0.78845
2660	YHR207C	0.7884
2661	YBR110W	0.78836
2662	YCL075W	0.78834
2663	YGL166W	0.78831
2664	YGR217W	0.78829
2665	YHR117W	0.78827
2666	YNL298W	0.78823
2667	YIL106W	0.78818
2668	YJR005W	0.78816
2669	YDR268W	0.78814
2670	YPL022W	0.78812
2671	YOR286W	0.7881
2672	YLR061W	0.788
2673	YDL039C	0.78799
2674	YJL191W	0.78791
2675	YCR034W	0.78787
2676	YHR201C	0.78784
2677	YOL126C	0.78781
2678	YPR143W	0.78777
2679	YAL044C	0.78772
2680	YGR080W	0.78771
2681	YAR023C	0.78771
2682	YBR067C	0.78768
2683	YHL042W	0.78761
2684	YBR056W	0.78759
2685	YPR066W	0.78755
2686	YGR243W	0.78753
2687	YBR229C	0.7875
2688	YOL061W	0.78748
2689	YLR019W	0.78745
2690	YPL145C	0.78744
2691	YNL317W	0.7874
2692	YDL148C	0.78736
2693	YMR234W	0.78732
2694	YEL055C	0.7873
2695	YGR061C	0.7873
2696	YOL043C	0.78729
2697	YNL032W	0.78727
2698	YML061C	0.78726
2699	YKL165C	0.78725
2700	YJL117W	0.78724
2701	YDR248C	0.78722
2702	YPR060C	0.78715
2703	YDR436W	0.78706
2704	YAL046C	0.78705
2705	YKL096W	0.78692
2706	YOL008W	0.78692
2707	YLR319C	0.7869
2708	YOR079C	0.78689
2709	YNL177C	0.78689
2710	YIL011W	0.78673
2711	YHR049W	0.78666
2712	YKL041W	0.7866
2713	YLR372W	0.78654
2714	YNL147W	0.78654
2715	YNL119W	0.78647
2716	YIL095W	0.78647
2717	YLR065C	0.78646
2718	YHR137W	0.78645
2719	YMR193W	0.78633
2720	YIL147C	0.7863
2721	YDR284C	0.78623
2722	YOR022C	0.78623
2723	YMR177W	0.78621
2724	YBR175W	0.7862
2725	YIR015W	0.78617
2726	YOL111C	0.78614
2727	YBR162W-A	0.78611
2728	YHR076W	0.78609
2729	YGL084C	0.78608
2730	YHR075C	0.78605
2731	YDR432W	0.78601
2732	YDL240W	0.78599
2733	YHL031C	0.78598
2734	YHL001W	0.78597
2735	YPL019C	0.78594
2736	YDR386W	0.78594
2737	YGR271C-A	0.78592
2738	YNL168C	0.78588
2739	YNL003C	0.78586
2740	YCR031C	0.78584
2741	YGL246C	0.78578
2742	YJR076C	0.78574
2743	YMR264W	0.78573
2744	YDR518W	0.78571
2745	YCR046C	0.78567
2746	YBR091C	0.78552
2747	YHR204W	0.78538
2748	YFL036W	0.78515
2749	YFR007W	0.78503
2750	YHR081W	0.78489
2751	YNR041C	0.78489
2752	YDL063C	0.78488
2753	YKR092C	0.78484
2754	YER141W	0.78484
2755	YGR186W	0.7848
2756	YFL047W	0.7848
2757	YMR004W	0.78474
2758	YCR035C	0.78473
2759	YPL138C	0.78466
2760	YML030W	0.78466
2761	YFL025C	0.78463
2762	YNL284C	0.78456
2763	YBR271W	0.78449
2764	YDR393W	0.78449
2765	YHR062C	0.78446
2766	YMR173W-A	0.78446
2767	YNL149C	0.78439
2768	YNL124W	0.78431
2769	YHR052W	0.78417
2770	YPL100W	0.78417
2771	YDL159W	0.78416
2772	YMR321C	0.78414
2773	YOR292C	0.78414
2774	YMR227C	0.78408
2775	YLR115W	0.78404
2776	YBR213W	0.78399
2777	YNR056C	0.78393
2778	YPL101W	0.78389
2779	YGL187C	0.78385
2780	YML127W	0.78372
2781	YGR193C	0.78368
2782	YPR196W	0.78366
2783	YDL154W	0.78361
2784	YAL064W-B	0.78361
2785	YHR098C	0.78359
2786	YAR066W	0.78352
2787	YHR214W	0.78352
2788	YJL154C	0.78351
2789	YKL006W	0.78349
2790	YKR069W	0.78346
2791	YER163C	0.78346
2792	YLR419W	0.7834
2793	YNL272C	0.78337
2794	YCR073C	0.7833
2795	YBR084W	0.78327
2796	YGR133W	0.78308
2797	YDL226C	0.78298
2798	YDR298C	0.78295
2799	YLR085C	0.78293
2800	YNR034W-A	0.78292
2801	YDL111C	0.78287
2802	YGL179C	0.78271
2803	YDL161W	0.78266
2804	YOR125C	0.78258
2805	YKL018W	0.78256
2806	YJL063C	0.78256
2807	YBR125C	0.78253
2808	YHR085W	0.78251
2809	YLL043W	0.7825
2810	YOR219C	0.78228
2811	YMR309C	0.78224
2812	YNL160W	0.78224
2813	YOL141W	0.78219
2814	YML118W	0.78219
2815	YGL089C	0.78217
2816	YNL004W	0.78214
2817	YFL003C	0.7821
2818	YDR031W	0.78205
2819	YLR443W	0.78198
2820	YJL059W	0.78198
2821	YNR036C	0.78191
2822	YOR275C	0.78187
2823	YJL072C	0.78178
2824	YFR002W	0.78177
2825	YGL064C	0.78177
2826	YLR387C	0.78172
2827	YDR174W	0.78166
2828	YOR353C	0.78166
2829	YDR077W	0.78159
2830	YGL141W	0.78138
2831	YHR009C	0.78132
2832	YJL197W	0.78129
2833	YMR074C	0.78124
2834	YGL019W	0.7812
2835	YDL156W	0.78115
2836	YBL068W-A	0.78108
2837	YPL029W	0.78098
2838	YLR116W	0.78094
2839	YMR213W	0.7809
2840	YIL041W	0.78079
2841	YPL215W	0.7807
2842	YOL056W	0.78066
2843	YFL031W	0.78065
2844	YIR038C	0.7806
2845	YHR041C	0.78045
2846	YMR188C	0.78038
2847	YNL326C	0.7802
2848	YDR349C	0.78
2849	YKL040C	0.78
2850	YGR284C	0.77998
2851	YHR166C	0.77994
2852	YOR100C	0.7799
2853	YIL140W	0.77988
2854	YHR120W	0.77986
2855	YOR059C	0.77985
2856	YHL013C	0.77981
2857	YJR054W	0.77978
2858	YNL094W	0.77977
2859	YPL196W	0.77975
2860	YLR364W	0.77975
2861	YBR070C	0.77972
2862	YIL157C	0.77967
2863	YOR008C	0.77967
2864	YDL075W	0.77965
2865	YOR382W	0.77963
2866	YGL248W	0.77952
2867	YMR033W	0.77943
2868	YCR042C	0.77921
2869	YKL026C	0.77921
2870	YLR107W	0.77918
2871	YLR016C	0.77916
2872	YPL053C	0.77906
2873	YPR135W	0.77904
2874	YLR390W	0.77902
2875	YOL123W	0.77899
2876	YGR036C	0.77884
2877	YGR119C	0.77876
2878	YHR171W	0.77869
2879	YPL104W	0.77868
2880	YOR038C	0.77867
2881	YMR317W	0.7786
2882	YIL038C	0.77859
2883	YPL222W	0.77855
2884	YOL057W	0.77852
2885	YBR010W	0.77849
2886	YNR069C	0.77846
2887	YDR183W	0.77843
2888	YDR390C	0.77841
2889	YNL252C	0.7784
2890	YLR088W	0.77837
2891	YMR002W	0.77831
2892	YPL096W	0.77825
2893	YNR033W	0.77824
2894	YIR006C	0.77821
2895	YBR074W	0.77819
2896	YMR152W	0.77818
2897	YOR290C	0.77816
2898	YLR406C	0.77812
2899	YJR006W	0.77812
2900	YJL096W	0.77807
2901	YDR175C	0.77806
2902	YPL109C	0.77791
2903	YJR150C	0.7779
2904	YLR371W	0.77787
2905	YKL174C	0.7778
2906	YHR090C	0.77779
2907	YHR206W	0.77758
2908	YDL227C	0.77756
2909	YDL209C	0.77746
2910	YLR174W	0.77746
2911	YDR311W	0.77743
2912	YMR189W	0.77734
2913	YBR288C	0.77729
2914	YLR025W	0.77724
2915	YNL048W	0.77724
2916	YNL267W	0.77718
2917	YDL165W	0.77715
2918	YOR231W	0.77712
2919	YDR434W	0.77705
2920	YDR493W	0.77703
2921	YNL218W	0.77701
2922	YPR168W	0.77701
2923	YMR166C	0.77699
2924	YKR052C	0.77691
2925	YDR054C	0.77689
2926	YPL167C	0.77687
2927	YCR075C	0.77685
2928	YJR034W	0.77678
2929	YNL322C	0.77676
2930	YNL291C	0.77673
2931	YLL014W	0.77672
2932	YBR104W	0.77667
2933	YKL125W	0.77665
2934	YHR077C	0.77655
2935	YDR265W	0.77654
2936	YPR129W	0.77652
2937	YMR114C	0.77649
2938	YIL151C	0.77647
2939	YJL165C	0.77646
2940	YPL063W	0.77643
2941	YBR017C	0.77637
2942	YJL085W	0.77636
2943	YNL239W	0.77635
2944	YLR430W	0.77628
2945	YNL116W	0.77626
2946	YMR161W	0.77626
2947	YGR148C	0.77622
2948	YPL273W	0.7762
2949	YOR252W	0.77612
2950	YBL055C	0.7761
2951	YHR162W	0.77609
2952	YER080W	0.77604
2953	YMR076C	0.776
2954	YMR005W	0.77596
2955	YKL173W	0.77594
2956	YNL118C	0.77589
2957	YDL195W	0.77586
2958	YDL233W	0.77583
2959	YCL001W-B	0.77573
2960	YDL030W	0.77565
2961	YLR080W	0.7756
2962	YPL210C	0.77556
2963	YHL012W	0.77546
2964	YLR323C	0.7754
2965	YML120C	0.77538
2966	YHL010C	0.77531
2967	YIL079C	0.77531
2968	YHL002W	0.77515
2969	YGR136W	0.77512
2970	YBR293W	0.77505
2971	YLR246W	0.77494
2972	YJR042W	0.7749
2973	YAL034W-A	0.7749
2974	YKR071C	0.77489
2975	YPR037C	0.77486
2976	YPR189W	0.77486
2977	YNL286W	0.77484
2978	YGR255C	0.77484
2979	YPL137C	0.77475
2980	YGL189C	0.77464
2981	YCR088W	0.77463
2982	YIL128W	0.77457
2983	YIR007W	0.77443
2984	YDR134C	0.77437
2985	YBL008W	0.77426
2986	YKR035W-A	0.77424
2987	YKL179C	0.77423
2988	YKL142W	0.77418
2989	YLR337C	0.77417
2990	YCR071C	0.77404
2991	YDR435C	0.77401
2992	YMR265C	0.77401
2993	YOR383C	0.77389
2994	YBR030W	0.77373
2995	YER037W	0.7737
2996	YOR035C	0.77357
2997	YDR403W	0.77356
2998	YOR334W	0.77344
2999	YGL244W	0.77343
3000	YHL007C	0.77338
3001	YCR075W-A	0.77335
3002	YKL189W	0.77334
3003	YLR007W	0.77327
3004	YKL178C	0.77327
3005	YML063W	0.77325
3006	YJR135W-A	0.77324
3007	YMR088C	0.77323
3008	YOL146W	0.77317
3009	YGL010W	0.77313
3010	YDR288W	0.77313
3011	YLR240W	0.77313
3012	YER131W	0.77312
3013	YDR517W	0.77311
3014	YHR086W	0.7731
3015	YCR079W	0.773
3016	YGL198W	0.77295
3017	YDL175C	0.77291
3018	YNL305C	0.7729
3019	YOR389W	0.77287
3020	YKR061W	0.77284
3021	YNL131W	0.77284
3022	YOR090C	0.77282
3023	YLL062C	0.77269
3024	YHR196W	0.77255
3025	YKL077W	0.77252
3026	YIR004W	0.77238
3027	YDR527W	0.77238
3028	YOR070C	0.77231
3029	YLR043C	0.77226
3030	YJR099W	0.77224
3031	YPR018W	0.7722
3032	YLR287C	0.77219
3033	YOL121C	0.77219
3034	YJL210W	0.77217
3035	YKL070W	0.77211
3036	YHL019C	0.7721
3037	YJL025W	0.77203
3038	YLR225C	0.7719
3039	YDR004W	0.77186
3040	YOR322C	0.77182
3041	YIL133C	0.7718
3042	YOR301W	0.77174
3043	YNL186W	0.77163
3044	YGL094C	0.7716
3045	YDL045W-A	0.77152
3046	YOR014W	0.77146
3047	YLL052C	0.77142
3048	YGR117C	0.77139
3049	YJR031C	0.7713
3050	YKL100C	0.77129
3051	YKL086W	0.77126
3052	YKL150W	0.77123
3053	YIL018W	0.77119
3054	YFR031C-A	0.77119
3055	YMR040W	0.77116
3056	YLR239C	0.77109
3057	YPR198W	0.77108
3058	YGR170W	0.77107
3059	YDL035C	0.77087
3060	YPL263C	0.77081
3061	YHR118C	0.77081
3062	YGL056C	0.77078
3063	YOR134W	0.77075
3064	YKL187C	0.77075
3065	YLR390W-A	0.77071
3066	YLR380W	0.77071
3067	YMR275C	0.77068
3068	YLR183C	0.77067
3069	YJR088C	0.77062
3070	YGL053W	0.7706
3071	YCL026C-B	0.77056
3072	YOR253W	0.77054
3073	YLR090W	0.77053
3074	YLR441C	0.77048
3075	YJR033C	0.77045
3076	YNL302C	0.77044
3077	YML031W	0.77042
3078	YDR128W	0.77031
3079	YKR021W	0.77027
3080	YKL090W	0.77018
3081	YGL083W	0.77017
3082	YPR179C	0.77014
3083	YJL062W	0.7701
3084	YBR105C	0.77007
3085	YJR020W	0.77005
3086	YNL092W	0.77003
3087	YMR020W	0.77003
3088	YGL110C	0.76996
3089	YGR178C	0.76985
3090	YHL014C	0.76981
3091	YAL018C	0.76978
3092	YNL036W	0.76978
3093	YGL153W	0.76978
3094	YER061C	0.76974
3095	YPL112C	0.76971
3096	YDR372C	0.76971
3097	YML111W	0.76968
3098	YIL069C	0.76965
3099	YER074W	0.76965
3100	YDL153C	0.76958
3101	YMR055C	0.76951
3102	YDR266C	0.76937
3103	YHR192W	0.76934
3104	YDR208W	0.76927
3105	YML019W	0.76927
3106	Q0105	0.769
3107	YPR169W	0.769
3108	YJL031C	0.76899
3109	YPL209C	0.76891
3110	YDR427W	0.76887
3111	YHR008C	0.76885
3112	YDL010W	0.76879
3113	YPR166C	0.76877
3114	YHR188C	0.76877
3115	YOR215C	0.76874
3116	YML100W	0.7687
3117	YGR026W	0.76866
3118	YNL327W	0.76854
3119	YNL318C	0.76851
3120	YDR430C	0.7685
3121	YLR163C	0.76842
3122	YGR099W	0.76841
3123	YMR158W	0.76836
3124	YBR185C	0.76826
3125	YGR006W	0.76823
3126	YNL273W	0.76819
3127	YCL016C	0.76819
3128	YPR162C	0.76818
3129	YDR308C	0.76805
3130	YBR059C	0.76801
3131	YIL082W-A	0.76798
3132	YOR205C	0.76795
3133	YER127W	0.76787
3134	YLR023C	0.76781
3135	YOL116W	0.7678
3136	YPL023C	0.76779
3137	YDR168W	0.76767
3138	YJR100C	0.76766
3139	YAL058W	0.76766
3140	YOR111W	0.76764
3141	YJL003W	0.7676
3142	YCR076C	0.76757
3143	YBR281C	0.76756
3144	YDR289C	0.76754
3145	YJL097W	0.76753
3146	YDR334W	0.76753
3147	YHR116W	0.76752
3148	YMR165C	0.7675
3149	YGR242W	0.76748
3150	YPL045W	0.76726
3151	YJL148W	0.76703
3152	YIL167W	0.76701
3153	YCR090C	0.767
3154	YHR080C	0.76692
3155	YGL098W	0.76688
3156	YHR011W	0.76686
3157	YKL033W	0.76681
3158	YMR216C	0.76678
3159	YKL019W	0.76678
3160	YGR088W	0.7666
3161	YDR160W	0.76658
3162	YJL192C	0.76657
3163	YDR478W	0.76656
3164	YKR063C	0.76642
3165	YBL092W	0.76642
3166	YPL032C	0.76638
3167	YLR109W	0.76629
3168	YLR051C	0.76627
3169	YER151C	0.76616
3170	YPL247C	0.76612
3171	YPL132W	0.76599
3172	YFR037C	0.76599
3173	YJR118C	0.76592
3174	YPL064C	0.76587
3175	YLR248W	0.76578
3176	YNR021W	0.76577
3177	YJL151C	0.76573
3178	YOR171C	0.76569
3179	YHR209W	0.76565
3180	YGR238C	0.76565
3181	YJR036C	0.76565
3182	YLR110C	0.76563
3183	YPL181W	0.76562
3184	YOL120C	0.76558
3185	YNL301C	0.76558
3186	YOL148C	0.76556
3187	YPL268W	0.76556
3188	YBR231C	0.7654
3189	YBR302C	0.76539
3190	YML132W	0.76539
3191	YCL037C	0.76538
3192	YOL152W	0.76531
3193	YIR017C	0.76528
3194	YNR023W	0.76527
3195	YDR322C-A	0.76523
3196	YNL221C	0.76522
3197	YGL180W	0.7652
3198	YMR233W	0.7652
3199	YDR049W	0.76516
3200	YBR147W	0.76515
3201	YBR158W	0.76502
3202	YKL139W	0.76496
3203	YBL035C	0.76474
3204	YBL013W	0.76474
3205	YBL037W	0.76469
3206	YOR256C	0.76463
3207	YLR032W	0.76454
3208	YLR206W	0.76449
3209	YHR038W	0.76449
3210	YOR251C	0.76448
3211	YJR142W	0.76435
3212	YGL065C	0.76432
3213	Q0160	0.76422
3214	YJR055W	0.76411
3215	YMR039C	0.76405
3216	YML096W	0.76405
3217	YNL308C	0.76401
3218	YHR122W	0.764
3219	YPL191C	0.76398
3220	YDR407C	0.76395
3221	YPL072W	0.76393
3222	YAR008W	0.7639
3223	YDL119C	0.76389
3224	YER182W	0.76385
3225	YOL072W	0.76382
3226	YOR198C	0.76371
3227	YEL006W	0.76371
3228	YNL336W	0.7637
3229	YPL103C	0.76366
3230	YGL104C	0.76365
3231	YGR056W	0.76354
3232	YJL091C	0.76348
3233	YGL126W	0.7634
3234	YAL051W	0.76337
3235	YKL071W	0.76335
3236	YJR123W	0.76327
3237	YPR175W	0.76317
3238	YNL173C	0.7631
3239	YJR002W	0.76304
3240	YPL065W	0.76302
3241	YLR314C	0.76302
3242	YDR524C-B	0.76293
3243	YMR231W	0.76293
3244	YMR097C	0.76293
3245	YDL225W	0.76288
3246	YCL008C	0.76284
3247	YML060W	0.76281
3248	YBR048W	0.76276
3249	YDR025W	0.76276
3250	YKL175W	0.76273
3251	YKL082C	0.76269
3252	YLR077W	0.76268
3253	YPR200C	0.76268
3254	YOR281C	0.76264
3255	YLR103C	0.7626
3256	YJR161C	0.76255
3257	YDL008W	0.76255
3258	YLR362W	0.76235
3259	YPR098C	0.76231
3260	YHR139C	0.76222
3261	YFL023W	0.76222
3262	YGR295C	0.76219
3263	YKL140W	0.76215
3264	YER078C	0.76203
3265	YLR281C	0.76201
3266	YML051W	0.76193
3267	YJL203W	0.76188
3268	YBL104C	0.7618
3269	YLR207W	0.76177
3270	YOR377W	0.76174
3271	YKR087C	0.7617
3272	YDL231C	0.76167
3273	YGR110W	0.76166
3274	YIL131C	0.76166
3275	YDR301W	0.76165
3276	YGL169W	0.76163
3277	YDR122W	0.76154
3278	YOL144W	0.76154
3279	YMR042W	0.76139
3280	YDR395W	0.76138
3281	YNL250W	0.7613
3282	YBL069W	0.76126
3283	YBR204C	0.76125
3284	YEL012W	0.76122
3285	YDR506C	0.76114
3286	YBR119W	0.76106
3287	YNL271C	0.76103
3288	YPL084W	0.761
3289	YFR033C	0.76092
3290	YJL126W	0.76086
3291	YMR012W	0.76083
3292	YLR344W	0.76082
3293	YGR090W	0.76082
3294	YOR363C	0.76077
3295	YHR165W-A	0.76074
3296	YGR144W	0.76074
3297	YDR370C	0.76074
3298	YNL180C	0.76065
3299	YLR045C	0.76063
3300	YDR286C	0.76055
3301	YNL216W	0.76054
3302	YDR171W	0.76052
3303	YHR158C	0.7605
3304	YKL010C	0.76049
3305	YBR268W	0.76049
3306	YPR125W	0.76046
3307	YDR379C-A	0.76042
3308	YHR084W	0.76037
3309	YGR066C	0.76033
3310	YOR067C	0.76032
3311	YGR263C	0.76028
3312	YGR034W	0.76027
3313	YDR026C	0.76021
3314	YCR026C	0.76021
3315	YML042W	0.76009
3316	YNR038W	0.76008
3317	YEL015W	0.76006
3318	YDR473C	0.76003
3319	YPR029C	0.75997
3320	YDR178W	0.75995
3321	YPL277C	0.75984
3322	YGR109W-B	0.75981
3323	YJR004C	0.75974
3324	YDL059C	0.75972
3325	YJL053W	0.75972
3326	YJR050W	0.75968
3327	YOR278W	0.75963
3328	YPR105C	0.75959
3329	YDR205W	0.75957
3330	YDL058W	0.75952
3331	YKL209C	0.75949
3332	YPL125W	0.75947
3333	YGL231C	0.75946
3334	YGR223C	0.75945
3335	YPL172C	0.75939
3336	YDL248W	0.75936
3337	YER021W	0.75934
3338	YBR280C	0.75932
3339	YDR387C	0.75926
3340	YDR496C	0.75925
3341	YGL067W	0.75925
3342	YGL029W	0.75923
3343	YNL015W	0.75922
3344	YEL048C	0.75922
3345	YBR009C	0.75911
3346	YNL283C	0.75906
3347	YDR210W	0.75906
3348	YDR460W	0.75895
3349	YOR156C	0.75886
3350	YDL122W	0.75881
3351	YBR233W	0.75881
3352	YNL162W-A	0.75876
3353	YJL137C	0.75875
3354	YGL213C	0.75873
3355	YDR538W	0.75867
3356	YER039C-A	0.75863
3357	YDR152W	0.75851
3358	YJR051W	0.75848
3359	YDL133W	0.75836
3360	YJL102W	0.75828
3361	YNL242W	0.75813
3362	YPL081W	0.75813
3363	YKR023W	0.75804
3364	YKL043W	0.75802
3365	YMR312W	0.75794
3366	YBL047C	0.75794
3367	YJL115W	0.75791
3368	YOR344C	0.75784
3369	YOR017W	0.7578
3370	YGR177C	0.75776
3371	YGR116W	0.75775
3372	YLL010C	0.75774
3373	YMR126C	0.75773
3374	YCL055W	0.75772
3375	YDR359C	0.75765
3376	YJL133W	0.7576
3377	YOR160W	0.75757
3378	YOR188W	0.75757
3379	YJR046W	0.75753
3380	YLR205C	0.75751
3381	YCL048W-A	0.75748
3382	YGR157W	0.75736
3383	YIL096C	0.75733
3384	YAR028W	0.75731
3385	YCR007C	0.7573
3386	YGL257C	0.75727
3387	YNL182C	0.75727
3388	YAR075W	0.75727
3389	YNL219C	0.75726
3390	YOR051C	0.75721
3391	YDR391C	0.75721
3392	YDR412W	0.75717
3393	YOL102C	0.75716
3394	YGR216C	0.75715
3395	YGR188C	0.75705
3396	YCL026C-A	0.75704
3397	YKL167C	0.75696
3398	YKL192C	0.7569
3399	YMR035W	0.75679
3400	YML130C	0.75679
3401	YLR414C	0.75678
3402	YCR077C	0.75675
3403	YDR472W	0.75673
3404	YOR365C	0.7567
3405	YOR069W	0.75665
3406	YNL261W	0.75663
3407	YNL217W	0.75658
3408	YGL185C	0.75653
3409	YKL096W-A	0.75648
3410	YHR197W	0.75647
3411	YJL131C	0.75641
3412	YIL085C	0.75639
3413	YFR016C	0.75636
3414	YLR266C	0.75634
3415	YPR001W	0.75634
3416	YBL049W	0.75632
3417	YBR189W	0.75632
3418	YJL098W	0.7563
3419	YPL007C	0.75614
3420	YNL083W	0.75601
3421	YDR244W	0.7558
3422	YIL073C	0.75562
3423	YGR097W	0.75552
3424	YNL002C	0.75552
3425	YJL006C	0.75547
3426	YKL012W	0.75545
3427	YDR080W	0.75541
3428	YKR028W	0.75536
3429	YGL129C	0.75528
3430	YMR223W	0.75512
3431	YMR047C	0.75509
3432	YNL320W	0.75505
3433	YPL188W	0.75504
3434	YNL263C	0.75504
3435	YDR420W	0.75499
3436	YNL289W	0.75495
3437	YER150W	0.75491
3438	YDL191W	0.75491
3439	YDL136W	0.75491
3440	YBL080C	0.75484
3441	YNR030W	0.75482
3442	YDR512C	0.75475
3443	Q0055	0.75475
3444	YOL022C	0.75469
3445	YKR103W	0.75466
3446	YBR072W	0.75465
3447	YIL161W	0.75463
3448	YOR237W	0.75462
3449	YJR019C	0.75452
3450	YOR130C	0.75451
3451	YHR150W	0.75446
3452	YGR059W	0.75443
3453	YGR042W	0.75433
3454	YOR002W	0.75428
3455	YFL062W	0.75428
3456	YBR193C	0.75411
3457	YMR259C	0.75389
3458	YDR150W	0.75387
3459	YKR058W	0.75383
3460	YDL160C-A	0.75379
3461	YHL048W	0.75376
3462	YBR086C	0.75368
3463	YPR154W	0.75362
3464	YPL260W	0.75356
3465	YGL172W	0.75349
3466	YJR112W	0.75342
3467	YDR218C	0.7534
3468	YML013W	0.75335
3469	YKR064W	0.75327
3470	YNL047C	0.75318
3471	YOL045W	0.75318
3472	YPR097W	0.75316
3473	YOL108C	0.75315
3474	YJL194W	0.75312
3475	YPR114W	0.75307
3476	YBR142W	0.75304
3477	YGR257C	0.753
3478	YDR363W-A	0.75293
3479	YMR067C	0.75288
3480	YGR128C	0.75286
3481	YKL124W	0.75282
3482	YGL216W	0.75276
3483	YLR338W	0.75275
3484	YDL028C	0.75272
3485	YLR425W	0.75272
3486	YDR204W	0.75267
3487	YER147C	0.75265
3488	YPL128C	0.75263
3489	YJL156C	0.75256
3490	YOR267C	0.75251
3491	YHR073W	0.75245
3492	YAL013W	0.75244
3493	YJL141C	0.75244
3494	YMR125W	0.75243
3495	YMR212C	0.75243
3496	YAL014C	0.75243
3497	YDR347W	0.75227
3498	YNR075W	0.75226
3499	YGL018C	0.75205
3500	YLL054C	0.75203
3501	YNL039W	0.75176
3502	YOR033C	0.75173
3503	YLR456W	0.75167
3504	YDR137W	0.75163
3505	YBR028C	0.75159
3506	YFL046W	0.75159
3507	YLR141W	0.75156
3508	YMR091C	0.75151
3509	YJL123C	0.75137
3510	YOR075W	0.7512
3511	YOR288C	0.75118
3512	YDR326C	0.75111
3513	YDR323C	0.7511
3514	YKR096W	0.75104
3515	YPL098C	0.75098
3516	YKL168C	0.75097
3517	YDL218W	0.75091
3518	YGL125W	0.75086
3519	YAR033W	0.75077
3520	YPL270W	0.75074
3521	YHR186C	0.75072
3522	YML032C	0.75067
3523	YNL258C	0.75066
3524	YMR267W	0.75066
3525	YKL047W	0.75055
3526	YGR091W	0.75048
3527	YOL105C	0.75044
3528	YOR026W	0.75039
3529	YMR289W	0.75038
3530	YOL149W	0.75037
3531	YKL198C	0.75036
3532	Q0060	0.75029
3533	YDL234C	0.75026
3534	YDR182W-A	0.75014
3535	YER128W	0.75014
3536	YKR012C	0.75012
3537	YOL027C	0.7501
3538	YLR290C	0.74997
3539	YBR246W	0.74991
3540	YGR102C	0.74988
3541	YPL162C	0.74988
3542	YEL059C-A	0.74981
3543	YDR501W	0.74973
3544	YKL137W	0.74959
3545	YGL051W	0.74955
3546	YOL128C	0.74947
3547	YGR167W	0.74947
3548	YAR031W	0.74941
3549	YIL115C	0.74923
3550	YKR085C	0.74919
3551	YDR476C	0.74918
3552	YER048C	0.74916
3553	YGR166W	0.74915
3554	YOR174W	0.7491
3555	YHR045W	0.74903
3556	YDL024C	0.74897
3557	YER105C	0.74897
3558	YJR022W	0.74895
3559	YKL006C-A	0.74888
3560	YMR173W	0.74886
3561	YDR052C	0.74885
3562	YOR386W	0.74878
3563	YBL095W	0.74869
3564	YDL021W	0.74863
3565	YFR013W	0.7485
3566	YKL155C	0.74848
3567	YIL130W	0.74839
3568	YMR129W	0.74827
3569	YPR048W	0.74826
3570	YLR097C	0.74816
3571	YDL015C	0.74814
3572	YOR299W	0.74812
3573	YNR018W	0.74806
3574	YMR043W	0.74806
3575	YDR198C	0.74795
3576	YGR058W	0.74792
3577	YOL051W	0.74789
3578	YLR226W	0.74786
3579	YNL310C	0.74775
3580	YER101C	0.74772
3581	YKL099C	0.74763
3582	YMR240C	0.74763
3583	YOR024W	0.74757
3584	YGR154C	0.74755
3585	YOL071W	0.74748
3586	YMR024W	0.74745
3587	YBR005W	0.74745
3588	YOR227W	0.74742
3589	YJL071W	0.74734
3590	YNL278W	0.74724
3591	YJR097W	0.74723
3592	YGR002C	0.74719
3593	YDL025C	0.74715
3594	YCR014C	0.74698
3595	YCL052C	0.74695
3596	YNL084C	0.74679
3597	YLR393W	0.7467
3598	YOL042W	0.7467
3599	YJL106W	0.74663
3600	YGL259W	0.74655
3601	YIL061C	0.74643
3602	YIL023C	0.74641
3603	YMR028W	0.74641
3604	YDR409W	0.74639
3605	YFR001W	0.74637
3606	YEL016C	0.74635
3607	YGR149W	0.74615
3608	YOR360C	0.74607
3609	YPL228W	0.74605
3610	YGL203C	0.74589
3611	YLR015W	0.74583
3612	YKL089W	0.74582
3613	YER144C	0.74579
3614	YLR035C	0.74579
3615	YER140W	0.74572
3616	YLR305C	0.74571
3617	YDR006C	0.74571
3618	YEL053C	0.74568
3619	YCR086W	0.74564
3620	YGL158W	0.74559
3621	YNR062C	0.74553
3622	YOR166C	0.74549
3623	YDR488C	0.74548
3624	YJL100W	0.74543
3625	YKL005C	0.74535
3626	YGL262W	0.74534
3627	YBR107C	0.74532
3628	YML049C	0.74524
3629	YDR428C	0.74516
3630	YBR022W	0.74514
3631	YGR070W	0.74498
3632	YPR115W	0.74498
3633	YIL017C	0.74497
3634	YGR258C	0.74494
3635	YEL022W	0.74492
3636	YDL099W	0.74491
3637	YOL054W	0.7449
3638	YPL074W	0.74489
3639	YDL054C	0.74487
3640	YMR110C	0.74459
3641	YNL178W	0.74456
3642	YIL072W	0.74454
3643	YBR102C	0.74451
3644	YPL148C	0.74447
3645	YOL127W	0.74434
3646	YNL236W	0.7443
3647	YBR260C	0.74425
3648	YGL161C	0.7439
3649	YGR158C	0.74388
3650	YEL009C	0.74387
3651	YCL034W	0.7438
3652	YMR287C	0.74378
3653	YBR065C	0.7437
3654	YGR014W	0.74369
3655	YGR033C	0.74368
3656	YGL228W	0.74367
3657	YKL132C	0.74365
3658	YIL171W	0.74355
3659	YBR186W	0.74343
3660	YNL085W	0.7434
3661	YBR282W	0.7434
3662	YNL279W	0.74337
3663	YNL151C	0.74336
3664	YOR123C	0.74333
3665	YMR194W	0.74322
3666	YDR503C	0.74307
3667	YLR068W	0.74302
3668	YPL141C	0.74302
3669	YOL033W	0.74296
3670	YDL146W	0.74284
3671	YJL046W	0.7428
3672	YGR044C	0.74271
3673	YDL116W	0.74268
3674	YDR316W	0.74264
3675	YNL035C	0.74261
3676	YBL097W	0.74258
3677	YDR112W	0.74237
3678	YPR055W	0.74237
3679	YMR291W	0.74225
3680	YJL193W	0.74219
3681	YOR245C	0.74212
3682	YBL059C-A	0.74209
3683	YDR206W	0.74202
3684	YLR264W	0.74187
3685	YPL003W	0.74179
3686	YDR036C	0.74171
3687	YER048W-A	0.74169
3688	YIL076W	0.74168
3689	YMR044W	0.74158
3690	YKL045W	0.74149
3691	YGR046W	0.74145
3692	YBR179C	0.74144
3693	YOL076W	0.74142
3694	YCL067C	0.74138
3695	YCR039C	0.74138
3696	YMR154C	0.74137
3697	YHL030W	0.74136
3698	YER188W	0.74132
3699	YPR057W	0.74131
3700	YOR124C	0.74122
3701	YBR284W	0.74111
3702	YGR109C	0.74108
3703	YPR116W	0.741
3704	YER007W	0.74095
3705	YIR013C	0.74093
3706	YGR068C	0.74087
3707	YGR165W	0.74086
3708	YBR026C	0.74086
3709	YKL203C	0.74077
3710	YKL034W	0.7407
3711	YJR146W	0.7407
3712	YJL127C	0.74067
3713	YMR209C	0.74066
3714	YKL032C	0.74057
3715	YIL138C	0.74052
3716	YPR085C	0.7405
3717	YCR019W	0.74047
3718	YDR180W	0.74036
3719	YGL133W	0.74031
3720	YJR126C	0.74024
3721	YDR003W	0.74022
3722	YGR201C	0.74014
3723	Q0070	0.74008
3724	YER154W	0.74006
3725	YLR417W	0.74005
3726	YBR201W	0.7399
3727	YER083C	0.7399
3728	YLR063W	0.73986
3729	YOR167C	0.73978
3730	YIL026C	0.73973
3731	YHR140W	0.73971
3732	YIL104C	0.73971
3733	YGL195W	0.73966
3734	YOR338W	0.73958
3735	YBR122C	0.73953
3736	YHR146W	0.73947
3737	YER058W	0.73944
3738	YLR164W	0.73939
3739	YJL004C	0.73937
3740	YCR054C	0.73922
3741	YBR279W	0.7392
3742	YGR274C	0.7391
3743	YER068W	0.73907
3744	YIL111W	0.73906
3745	YKR089C	0.73904
3746	YOR305W	0.739
3747	YDR389W	0.73897
3748	YML020W	0.73895
3749	YDL003W	0.73894
3750	YBL086C	0.73872
3751	YDR482C	0.73871
3752	YOL087C	0.73868
3753	YPL165C	0.73862
3754	YPR141C	0.73854
3755	YPR072W	0.73836
3756	YLL031C	0.73821
3757	YGR062C	0.7382
3758	YDR251W	0.73818
3759	YLR194C	0.73814
3760	YER161C	0.73808
3761	YHR199C	0.73807
3762	YDR020C	0.73807
3763	YDR314C	0.73784
3764	YHL035C	0.73773
3765	YOR191W	0.73768
3766	YHR079C	0.73759
3767	YBR278W	0.73752
3768	YER180C-A	0.73751
3769	YGL092W	0.73743
3770	YAL002W	0.7373
3771	YGL014W	0.73719
3772	YIL154C	0.73715
3773	YML066C	0.73712
3774	YGL085W	0.73707
3775	YJL054W	0.73703
3776	YNL077W	0.737
3777	YJL206C	0.73698
3778	YPL020C	0.73697
3779	YGR280C	0.73677
3780	YPR093C	0.73669
3781	YKL214C	0.73666
3782	YDR363W	0.73663
3783	YCL042W	0.73662
3784	YIL005W	0.73661
3785	YLR336C	0.73657
3786	YOR138C	0.73651
3787	YHR060W	0.73637
3788	YMR010W	0.73636
3789	YBR247C	0.73634
3790	YJR140C	0.73626
3791	YDL091C	0.73624
3792	YGR127W	0.73611
3793	YAL056W	0.73608
3794	YPR148C	0.73606
3795	YPL249C-A	0.736
3796	YDR018C	0.73591
3797	YLR166C	0.73585
3798	YDR320C-A	0.73577
3799	YDR485C	0.73573
3800	YDR410C	0.73571
3801	YLR150W	0.73563
3802	YGR112W	0.73552
3803	YOR211C	0.73538
3804	YGR278W	0.73507
3805	YPR031W	0.73506
3806	YHL028W	0.73505
3807	YLR177W	0.73499
3808	YMR313C	0.7348
3809	YDR247W	0.73477
3810	YNL193W	0.73463
3811	YPR045C	0.7346
3812	YCL057C-A	0.73455
3813	YAR027W	0.73443
3814	YIR043C	0.73429
3815	YDR253C	0.73427
3816	YML071C	0.73419
3817	YLR299W	0.73414
3818	YFL013C	0.73403
3819	YLR050C	0.73401
3820	YHL024W	0.73395
3821	YPR079W	0.73391
3822	YLR093C	0.73379
3823	YDR242W	0.73379
3824	YOL086W-A	0.73376
3825	YBL004W	0.73373
3826	YGR003W	0.7337
3827	YBR253W	0.73351
3828	YML104C	0.73347
3829	YER076C	0.73346
3830	YFR052W	0.73346
3831	YBR111W-A	0.73326
3832	YKL219W	0.73319
3833	YPL243W	0.73316
3834	YLR096W	0.73312
3835	YER114C	0.7331
3836	YNR044W	0.73298
3837	YOR063W	0.73294
3838	YKL206C	0.73289
3839	YJR044C	0.73279
3840	YER139C	0.73275
3841	YGL131C	0.73273
3842	Q0142	0.73268
3843	YPR155C	0.73251
3844	YER008C	0.73238
3845	YHL006C	0.73235
3846	YML095C	0.73234
3847	YLL046C	0.73231
3848	YHL022C	0.7323
3849	YDR302W	0.7323
3850	YCR040W	0.73225
3851	YCL066W	0.73225
3852	YHR173C	0.7322
3853	YDL241W	0.73199
3854	YOR269W	0.73196
3855	YDR079W	0.73185
3856	YER087C-B	0.73185
3857	YDR354W	0.73183
3858	YDL198C	0.73177
3859	YIR001C	0.73177
3860	YNL128W	0.73172
3861	YJL069C	0.73152
3862	YKL057C	0.73148
3863	YHR172W	0.73145
3864	YLL038C	0.73145
3865	YML088W	0.73145
3866	YHR133C	0.73141
3867	YPR030W	0.7314
3868	YFL010C	0.73137
3869	YMR053C	0.73129
3870	YDR087C	0.73128
3871	YLR292C	0.73121
3872	YKL143W	0.73121
3873	YIL134W	0.73118
3874	YBR097W	0.73116
3875	YLR001C	0.73113
3876	YDR463W	0.73108
3877	YFL029C	0.73101
3878	YGL233W	0.73099
3879	YIL006W	0.73086
3880	YOR180C	0.73084
3881	YJR111C	0.73081
3882	YOL013C	0.73076
3883	YNR007C	0.73075
3884	YNR068C	0.7307
3885	YDR106W	0.73058
3886	YJL039C	0.73052
3887	YML117W	0.73052
3888	YKL088W	0.7305
3889	YOR194C	0.73041
3890	YGR101W	0.73041
3891	YCR089W	0.73038
3892	YGL191W	0.73034
3893	YMR156C	0.7303
3894	YGL080W	0.73027
3895	YNL294C	0.73021
3896	YJR039W	0.7301
3897	YKR007W	0.72989
3898	YGL116W	0.72986
3899	YDR027C	0.72984
3900	YNL051W	0.72983
3901	YOR190W	0.72978
3902	YPR026W	0.72972
3903	YPL115C	0.72957
3904	YAR009C	0.72955
3905	YLR260W	0.72954
3906	YMR171C	0.72953
3907	YPL252C	0.7295
3908	YJL061W	0.72949
3909	YDR101C	0.72949
3910	YIL100C-A	0.72947
3911	YLR084C	0.72943
3912	YLR363C	0.72942
3913	YDR283C	0.72941
3914	YCR093W	0.72939
3915	YLR368W	0.72939
3916	YDL066W	0.72939
3917	YGL263W	0.72937
3918	YEL062W	0.72936
3919	YJL140W	0.72935
3920	YCL049C	0.72934
3921	YLR233C	0.72933
3922	YML046W	0.72931
3923	YPR197C	0.72931
3924	YOR064C	0.72922
3925	YGR205W	0.72918
3926	YOR368W	0.72917
3927	YDL013W	0.72915
3928	YIR021W	0.72912
3929	YOL077W-A	0.7291
3930	YPR092W	0.72894
3931	YBR123C	0.72888
3932	YOL088C	0.72882
3933	YKR082W	0.7288
3934	YKL066W	0.72874
3935	YKL188C	0.7287
3936	YLR071C	0.7286
3937	YPR123C	0.72851
3938	YNL249C	0.72849
3939	YOR081C	0.72845
3940	YDL237W	0.72839
3941	YMR207C	0.72824
3942	YAL017W	0.72823
3943	YJR082C	0.72799
3944	YPL123C	0.72789
3945	YJR090C	0.72786
3946	YOR312C	0.72777
3947	YMR242C	0.72777
3948	YIL082W	0.72764
3949	YNL097C	0.72751
3950	YDL203C	0.72739
3951	YPR152C	0.72737
3952	YMR087W	0.72732
3953	YDR213W	0.7271
3954	YGR109W-A	0.72706
3955	YBR221W-A	0.72698
3956	YOR387C	0.72692
3957	YOR320C	0.72686
3958	YBL074C	0.72684
3959	YER087W	0.7268
3960	YLR309C	0.72679
3961	YMR295C	0.72677
3962	YLR149C-A	0.7267
3963	YAL059W	0.72668
3964	YPL105C	0.72662
3965	YDR489W	0.72661
3966	YOR346W	0.72654
3967	YNL262W	0.72649
3968	YKL121W	0.72645
3969	YGR072W	0.72643
3970	YNL050C	0.72641
3971	YLR187W	0.72633
3972	YPL163C	0.72628
3973	YCR095C	0.72623
3974	YJR122W	0.72622
3975	YKL116C	0.72615
3976	YHR015W	0.72611
3977	YER024W	0.72603
3978	YKL055C	0.72603
3979	YKL054C	0.72597
3980	YDL179W	0.72596
3981	YDR221W	0.72585
3982	YNL227C	0.72575
3983	YMR251W-A	0.7257
3984	YCL004W	0.72554
3985	YPL107W	0.72552
3986	YJR119C	0.72549
3987	YLR262C-A	0.72548
3988	YMR185W	0.72544
3989	YJL057C	0.72544
3990	YLL035W	0.72542
3991	YGL016W	0.72539
3992	YBL033C	0.72535
3993	YMR077C	0.72533
3994	YCL002C	0.72528
3995	YJL101C	0.72526
3996	YAL004W	0.72526
3997	YKL186C	0.72522
3998	YML081C-A	0.72518
3999	YDL113C	0.72517
4000	YOR020W-A	0.72516
4001	YNR006W	0.72508
4002	YPL189W	0.72506
4003	YLR039C	0.72502
4004	YKR040C	0.725
4005	YOL048C	0.72499
4006	YPL090C	0.72494
4007	YBR181C	0.72494
4008	YGR212W	0.72493
4009	YBR212W	0.72493
4010	YPR036W	0.72492
4011	YDR376W	0.72492
4012	YNL012W	0.72491
4013	YLR064W	0.72491
4014	YJL109C	0.72486
4015	YMR211W	0.72485
4016	YGL258W	0.72484
4017	YOR042W	0.72479
4018	YPL078C	0.72474
4019	YDR192C	0.72471
4020	YNL052W	0.72466
4021	YGL032C	0.72464
4022	YML090W	0.72453
4023	YNL126W	0.72443
4024	YMR014W	0.72432
4025	YLR013W	0.72427
4026	YDR108W	0.72427
4027	YJL029C	0.72419
4028	YOL078W	0.72418
4029	YAR019C	0.72414
4030	YKL049C	0.72412
4031	YOR238W	0.72409
4032	YDR222W	0.72393
4033	YNR066C	0.72384
4034	YFR020W	0.72376
4035	YFL040W	0.72372
4036	YJR110W	0.7237
4037	YDL112W	0.72367
4038	YMR130W	0.72357
4039	YBR276C	0.72356
4040	YER064C	0.72351
4041	YLL051C	0.72341
4042	YNL073W	0.72339
4043	YOR043W	0.72331
4044	YOR309C	0.72325
4045	YCR013C	0.72324
4046	YHR198C	0.72323
4047	YMR106C	0.72322
4048	YMR068W	0.72313
4049	YGR108W	0.72306
4050	YJL020C	0.72304
4051	YBL079W	0.723
4052	YMR247C	0.72299
4053	YHL049C	0.72293
4054	YBL010C	0.72288
4055	YMR026C	0.72283
4056	YHR067W	0.72283
4057	YIL070C	0.72282
4058	YPL248C	0.72282
4059	YLR021W	0.7228
4060	YPL069C	0.7226
4061	YOL047C	0.72256
4062	YMR137C	0.72251
4063	YCL057W	0.72248
4064	YMR283C	0.72245
4065	YNL029C	0.72243
4066	YCL031C	0.72241
4067	YPL155C	0.72234
4068	YNL224C	0.72226
4069	YNR022C	0.72225
4070	YNR031C	0.72218
4071	YFL027C	0.72204
4072	YLR247C	0.72187
4073	YOR031W	0.72187
4074	YNR059W	0.72182
4075	YGR237C	0.72171
4076	YCL058W-A	0.72165
4077	YHR059W	0.72161
4078	YGL254W	0.72159
4079	YDL127W	0.72155
4080	YIL009C-A	0.72151
4081	YDL011C	0.72143
4082	YDR262W	0.72138
4083	YNL208W	0.72132
4084	YKL110C	0.7212
4085	YMR140W	0.72115
4086	YJL047C	0.72114
4087	YNL215W	0.7211
4088	YLR191W	0.7211
4089	YDR261C	0.72109
4090	YPL038W	0.72104
4091	YGL192W	0.72086
4092	YNR040W	0.72084
4093	YOR287C	0.72081
4094	YPR191W	0.7208
4095	YLR054C	0.7208
4096	YGL150C	0.72062
4097	YGL227W	0.72058
4098	YNL257C	0.72049
4099	YPR089W	0.72045
4100	YMR029C	0.72036
4101	YDR233C	0.72026
4102	YER113C	0.72023
4103	YKL030W	0.72021
4104	YMR115W	0.7202
4105	YOR149C	0.72014
4106	YOR112W	0.72013
4107	YNL127W	0.72013
4108	YKR065C	0.7201
4109	YIR005W	0.72004
4110	YIL137C	0.71996
4111	YDR449C	0.71992
4112	YDR110W	0.71987
4113	YDR279W	0.71986
4114	YDL157C	0.71986
4115	YNL009W	0.7197
4116	YNL080C	0.71965
4117	YCL012C	0.71963
4118	YMR112C	0.71959
4119	YDL117W	0.71951
4120	YJR066W	0.71949
4121	YOL019W	0.71946
4122	YGR183C	0.71935
4123	YLL004W	0.71931
4124	YOL052C-A	0.7193
4125	YPL126W	0.71927
4126	YJR102C	0.71911
4127	YDL023C	0.71908
4128	YNL315C	0.71903
4129	YKL122C	0.71899
4130	YMR192W	0.71898
4131	YOR098C	0.71895
4132	YKR044W	0.71888
4133	YDL214C	0.71888
4134	YMR281W	0.71887
4135	YBL045C	0.71886
4136	YCR016W	0.71884
4137	YCR052W	0.71878
4138	YBR129C	0.71873
4139	YBL066C	0.71871
4140	YNL139C	0.71866
4141	YPR139C	0.7186
4142	YER096W	0.71856
4143	YLR312W-A	0.71847
4144	YJL084C	0.71845
4145	YDR299W	0.71838
4146	YOR093C	0.71833
4147	YFR034C	0.71827
4148	YMR168C	0.71824
4149	YML084W	0.71822
4150	YEL023C	0.71821
4151	YML093W	0.71815
4152	YPL119C-A	0.71801
4153	YDL043C	0.71799
4154	YOL028C	0.71798
4155	YDR163W	0.71791
4156	YHR022C	0.71788
4157	YJR091C	0.71778
4158	YKL015W	0.71771
4159	YOR106W	0.71757
4160	YPR038W	0.71753
4161	YLR255C	0.71735
4162	YOR229W	0.71711
4163	YDR072C	0.71709
4164	YGR270W	0.71704
4165	YOR319W	0.71702
4166	YDR318W	0.717
4167	YER187W	0.71693
4168	YDL045C	0.71688
4169	YDR423C	0.71651
4170	YKL134C	0.71648
4171	YDR507C	0.71625
4172	YBR258C	0.7162
4173	YDL074C	0.71619
4174	YOR179C	0.71619
4175	YPL057C	0.71611
4176	YJL173C	0.7161
4177	YGR057C	0.71604
4178	YLL016W	0.71601
4179	YML048W	0.71593
4180	YBL028C	0.71589
4181	YBR161W	0.71573
4182	YKL056C	0.71558
4183	YJR043C	0.7155
4184	YMR182W-A	0.7154
4185	YIL102C	0.71527
4186	YPL241C	0.71526
4187	YMR013C	0.71524
4188	YER077C	0.71521
4189	YGR202C	0.71521
4190	YAL043C	0.71518
4191	YBR040W	0.71508
4192	YMR290W-A	0.71485
4193	YAL011W	0.71484
4194	YGR104C	0.71464
4195	YLL007C	0.71448
4196	YLR199C	0.71448
4197	YJR136C	0.71446
4198	YDR511W	0.71444
4199	YOR371C	0.71422
4200	YDL149W	0.71422
4201	YNL253W	0.71419
4202	YBL020W	0.71418
4203	YIL059C	0.71412
4204	YOL095C	0.71409
4205	YLR132C	0.71407
4206	YGL024W	0.71406
4207	YNL038W	0.71402
4208	YGR038W	0.71401
4209	YDR245W	0.714
4210	YIL027C	0.71399
4211	YOL004W	0.71396
4212	YNL158W	0.71385
4213	YDL002C	0.71383
4214	YPL233W	0.71378
4215	YNL166C	0.71372
4216	YBL014C	0.71367
4217	YKL149C	0.71366
4218	YNL122C	0.71365
4219	YOR060C	0.71361
4220	YKR090W	0.71357
4221	YJR071W	0.71337
4222	YNL011C	0.71332
4223	YDR520C	0.71313
4224	YKL016C	0.71306
4225	YHR028W-A	0.71302
4226	YGR174C	0.71297
4227	YOR139C	0.71284
4228	YDR319C	0.71284
4229	YJR060W	0.71276
4230	YBL085W	0.71268
4231	YGL174W	0.71263
4232	YAR002W	0.71262
4233	YDL065C	0.71261
4234	YPL005W	0.71258
4235	YOR127W	0.71248
4236	YLR392C	0.71246
4237	YBR289W	0.71242
4238	YDR246W	0.71239
4239	YMR157C	0.71236
4240	YKL072W	0.71228
4241	YCR091W	0.71228
4242	YHR101C	0.71225
4243	YJL112W	0.71205
4244	YDR179W-A	0.71204
4245	YLR339C	0.71198
4246	YBL060W	0.71189
4247	YGR073C	0.71188
4248	YHR078W	0.71176
4249	YNL184C	0.71175
4250	YPL186C	0.71168
4251	YMR190C	0.71162
4252	YIL156W	0.71161
4253	YBR217W	0.71156
4254	YBR098W	0.71156
4255	YGR225W	0.71155
4256	YOL063C	0.71147
4257	YOR078W	0.71137
4258	YIL090W	0.71131
4259	YDL106C	0.71121
4260	YGL108C	0.71114
4261	YAL025C	0.71112
4262	YKL068W	0.7111
4263	YLL022C	0.71104
4264	YPR022C	0.71098
4265	YBR044C	0.71096
4266	YGR156W	0.71076
4267	YDR229W	0.71068
4268	YHR214C-B	0.7106
4269	YOR249C	0.71057
4270	YLR286W-A	0.71055
4271	YGL060W	0.71053
4272	YDR365W-B	0.71052
4273	YPR187W	0.71045
4274	YIL057C	0.71043
4275	YGL160W	0.71041
4276	YDR320W-B	0.71026
4277	YPR067W	0.71017
4278	YOR335W-A	0.71005
4279	YPL149W	0.71003
4280	YBR163W	0.71002
4281	YGL038C	0.70993
4282	YER093C	0.70988
4283	YKR049C	0.70986
4284	YOR161W-B	0.7097
4285	YMR057C	0.7095
4286	YLR006C	0.70949
4287	YPR075C	0.70947
4288	YLR396C	0.70946
4289	YLR439W	0.70945
4290	YMR070W	0.7094
4291	YPR042C	0.7094
4292	YHR155W	0.70937
4293	YDR269C	0.70936
4294	YJL166W	0.70936
4295	YKR029C	0.7093
4296	YIL087C	0.70929
4297	YGL134W	0.70926
4298	YHR127W	0.7092
4299	YLR087C	0.7091
4300	R0010W	0.70899
4301	YJR115W	0.70895
4302	YLR301W	0.70894
4303	YBR016W	0.70889
4304	YMR061W	0.70888
4305	YHR095W	0.70876
4306	YER138C	0.7087
4307	YBR216C	0.70868
4308	YOR082C	0.70866
4309	YDR159W	0.70862
4310	YHR083W	0.70861
4311	YOL103W-B	0.70859
4312	YLR149C	0.70859
4313	YHR154W	0.70852
4314	YER034W	0.7085
4315	YKL195W	0.70848
4316	YBR084C-A	0.70847
4317	YBL027W	0.70847
4318	YJR062C	0.70847
4319	YMR237W	0.70846
4320	YPL257W-B	0.70835
4321	YLR256W-B/YLR256W-C	0.70835
4322	YJL107C	0.70833
4323	YMR272W-B	0.70825
4324	YPL238C	0.70811
4325	YDL098C	0.70809
4326	YDR475C	0.70809
4327	YKR006C	0.70807
4328	YBR290W	0.70806
4329	YNL300W	0.70802
4330	YDR320C	0.70796
4331	YGR235C	0.70795
4332	YGL069C	0.70794
4333	YPL254W	0.70785
4334	YOR247W	0.70782
4335	YDR079C-A	0.70781
4336	YIL084C	0.70767
4337	YLR157C-B	0.70764
4338	YBR081C	0.70764
4339	YHR126C	0.70759
4340	YML045W	0.70756
4341	YIL056W	0.70755
4342	YGR038C-B	0.70754
4343	YHL021C	0.70753
4344	YGL025C	0.70742
4345	YGR171C	0.70728
4346	YJR027W	0.70727
4347	YOR143C	0.70719
4348	YPR108W-A	0.70717
4349	YHR073C-B	0.70712
4350	YKR047W	0.70712
4351	YLL013C	0.70701
4352	YKL106W	0.707
4353	YLR388W	0.70692
4354	YDR098C-B	0.70683
4355	YMR086C-A	0.70669
4356	YOR037W	0.70667
4357	YGR017W	0.70666
4358	YOR242C	0.70659
4359	YLR288C	0.70657
4360	YIL156W-B	0.70655
4361	YKR098C	0.70654
4362	YPR137C-B	0.70649
4363	YCR003W	0.70639
4364	YDR209C	0.7063
4365	YDL183C	0.70621
4366	YBR116C	0.70611
4367	YPL242C	0.70609
4368	YJL204C	0.70605
4369	YML039W	0.70602
4370	YFL064C	0.70602
4371	YDR147W	0.70589
4372	YOR115C	0.70579
4373	YGR184C	0.70574
4374	YKL011C	0.70572
4375	YJL177W	0.70559
4376	YML050W	0.70555
4377	YLR403W	0.70554
4378	YML002W	0.7055
4379	YBR133C	0.70548
4380	YHR087W	0.70546
4381	YIR011C	0.70538
4382	YIL077C	0.70533
4383	YJR029W	0.7053
4384	YLR095C	0.70525
4385	YER102W	0.70525
4386	YBL072C	0.70525
4387	YLL032C	0.70524
4388	YER169W	0.70522
4389	YLR140W	0.70505
4390	YIR018C-A	0.70501
4391	YGR161C-D	0.705
4392	YLR148W	0.70486
4393	YDR316W-B	0.7048
4394	YEL061C	0.70478
4395	YMR050C	0.70473
4396	YPL047W	0.70466
4397	YPR158C-D	0.70464
4398	YPL150W	0.70462
4399	YLR238W	0.70458
4400	YER047C	0.70457
4401	YOR142W-B	0.70455
4402	YDR210C-D	0.70439
4403	YGL124C	0.70433
4404	YLR227W-B	0.70419
4405	YDR335W	0.70415
4406	YDR068W	0.70409
4407	YGR027W-B	0.70406
4408	YDR470C	0.70402
4409	YOR329C	0.70396
4410	YLR104W	0.70393
4411	YGL146C	0.70384
4412	YPR170W-B	0.70383
4413	YBR085C-A	0.70381
4414	YCR024C	0.70375
4415	YDR228C	0.70372
4416	YOL136C	0.7037
4417	YOR080W	0.70358
4418	YLR332W	0.70356
4419	YNL201C	0.70356
4420	YLR204W	0.70354
4421	YGR121W-A	0.70333
4422	YDR315C	0.70332
4423	YKR099W	0.70331
4424	YOR230W	0.7032
4425	YMR316C-B	0.70315
4426	YER041W	0.7031
4427	YJL070C	0.70299
4428	YBR012W-B	0.70299
4429	YGL127C	0.70296
4430	YFR043C	0.70294
4431	YBL051C	0.70291
4432	YDR461W	0.70289
4433	YGR122W	0.70287
4434	YJL077W-A	0.70286
4435	YMR048W	0.70283
4436	YCR024C-A	0.70282
4437	YDR141C	0.70274
4438	YLR176C	0.70272
4439	YOL026C	0.7027
4440	YDL048C	0.70268
4441	YHR180W	0.70268
4442	YNR061C	0.70267
4443	YNL103W-A	0.70259
4444	YLR122C	0.70256
4445	YLL017W	0.70245
4446	YPR158W-B	0.70241
4447	YNR028W	0.70235
4448	YML100W-A	0.70233
4449	YJL092W	0.70224
4450	YHL034W-A	0.70218
4451	YNL136W	0.70218
4452	YNL187W	0.70215
4453	YML099C	0.70205
4454	YNL067W-B	0.70205
4455	YDR261C-D	0.70204
4456	YLR128W	0.702
4457	YIL042C	0.702
4458	YER160C	0.702
4459	YMR306C-A	0.70195
4460	YDL053C	0.70181
4461	YLL019C	0.70172
4462	YOR210W	0.7017
4463	YNL054W-B	0.70169
4464	YLR399W-A	0.70168
4465	YER019C-A	0.70166
4466	YML016C	0.70166
4467	YML011C	0.70165
4468	YPL183W-A	0.70164
4469	YDR081C	0.70159
4470	YPL040C	0.70156
4471	YMR182C	0.70145
4472	YHR131W-A	0.70144
4473	YLR124W	0.70133
4474	YLR035C-A	0.70132
4475	YDR273W	0.70128
4476	YNL203C	0.70127
4477	YBR255C-A	0.70109
4478	YDR416W	0.70104
4479	YHL044W	0.70102
4480	YDR071C	0.70095
4481	YJR138W	0.70095
4482	YJL201W	0.70095
4483	YDR089W	0.70086
4484	YJL043W	0.7008
4485	YKL180W	0.70079
4486	YOR260W	0.70075
4487	R0020C	0.70072
4488	YJL132W	0.70053
4489	YHR102W	0.70049
4490	YNL213C	0.70039
4491	YDL068W	0.70037
4492	YBR150C	0.70033
4493	YDL142C	0.70032
4494	YFL024C	0.70029
4495	YFL015C	0.70026
4496	YDL114W	0.70026
4497	YDR484W	0.70022
4498	YDR295C	0.70019
4499	YJR079W	0.70016
4500	YGL136C	0.70004
4501	YER119C-A	0.69991
4502	YCL014W	0.69984
4503	YHR132W-A	0.69982
4504	YBL090W	0.69974
4505	YKR083C	0.69972
4506	YDR200C	0.69967
4507	YLR041W	0.69966
4508	YGL145W	0.6996
4509	YDR044W	0.69954
4510	YNR039C	0.69952
4511	YBL005W-B	0.6995
4512	YDR333C	0.69949
4513	YEL034C-A	0.6994
4514	YHR006W	0.69934
4515	YIR040C	0.69931
4516	YBR144C	0.69926
4517	YMR065W	0.69924
4518	YIL019W	0.6992
4519	YNL284C-B	0.69913
4520	YMR045C	0.69911
4521	YPL146C	0.69904
4522	YBR226C	0.69899
4523	YJL157C	0.69896
4524	YEL007W	0.6988
4525	YKR041W	0.69872
4526	YOR336W	0.69861
4527	YCL076W	0.69856
4528	YDR176W	0.69852
4529	YFL051C	0.69852
4530	YJL062W-A	0.69849
4531	YDR255C	0.69841
4532	YBR269C	0.69838
4533	YER165C-A	0.69835
4534	YIL054W	0.6983
4535	YDL216C	0.6982
4536	YOR161W-A	0.69819
4537	YBR141W-A	0.69819
4538	YDR433W	0.69802
4539	YDR486C	0.69796
4540	YOR302W	0.69789
4541	YKL037W	0.69779
4542	YER071C	0.69764
4543	YJL187C	0.69762
4544	YBL108W	0.69756
4545	YNL304W	0.69747
4546	YDL041W	0.69741
4547	YDL187C	0.69741
4548	YPL225W	0.6974
4549	YDR231C	0.6974
4550	YLR154C	0.69739
4551	YDL184C	0.69739
4552	YDL133C-A	0.69739
4553	YPR010C-A	0.69739
4554	YIL044C	0.69733
4555	YPL026C	0.69729
4556	YKR036C	0.69726
4557	YHR109W	0.69719
4558	YGL113W	0.69711
4559	YMR111C	0.69707
4560	YGR129W	0.69703
4561	YMR023C	0.697
4562	YOR308C	0.69699
4563	YBR134W	0.69697
4564	YJL136W-A	0.69697
4565	YPL041C	0.69683
4566	YBL096C	0.69678
4567	YER173W	0.69676
4568	YDL022C-A	0.69668
4569	YMR159C	0.69665
4570	YDR126W	0.69661
4571	YBR190W	0.69661
4572	YHR138C	0.69639
4573	YDL077C	0.6963
4574	YHR023W	0.6963
4575	YBR172C	0.69628
4576	YAL016C-A	0.69625
4577	YPL037C	0.69625
4578	YDL118W	0.69624
4579	YFL010W-A	0.6962
4580	YGR013W	0.69616
4581	YHR214C-C	0.69613
4582	YNL265C	0.69606
4583	YGR050C	0.69605
4584	YMR272W-A	0.69604
4585	YDR254W	0.69602
4586	YPR077C	0.69599
4587	YDR094W	0.69599
4588	YDL096C	0.69599
4589	YDR057W	0.69585
4590	YDR114C	0.69577
4591	YPR087W	0.69555
4592	YHL020C	0.69533
4593	YKL031W	0.69525
4594	YDR193W	0.69523
4595	YKR008W	0.69519
4596	YMR122W-A	0.69518
4597	YHR022C-A	0.69516
4598	YLR464W	0.69512
4599	YEL076C-A	0.69512
4600	YLL040C	0.69506
4601	YAL065C	0.69501
4602	YKL223W	0.69496
4603	YDR374W-A	0.69495
4604	YKL075C	0.69491
4605	YPR016W-A	0.69488
4606	YFR045W	0.69476
4607	YAL067W-A	0.69465
4608	YBL025W	0.69462
4609	YKR004C	0.6945
4610	YDL012C	0.6944
4611	YOR034C-A	0.69434
4612	YDL061C	0.69432
4613	YPL108W	0.69427
4614	YOR045W	0.69422
4615	YMR316W	0.69422
4616	YOL014W	0.69421
4617	YCR063W	0.69418
4618	YKL079W	0.69414
4619	YNL026W	0.69395
4620	YCL024W	0.6939
4621	YML114C	0.69368
4622	YOL150C	0.69357
4623	YEL076C	0.69352
4624	YML047C	0.69351
4625	YGL260W	0.69339
4626	YLR125W	0.69324
4627	YGR052W	0.69323
4628	YBL029W	0.69317
4629	YOR376W-A	0.69317
4630	YLR296W	0.69312
4631	YHL043W	0.69311
4632	YIL093C	0.69302
4633	YAL056C-A	0.69295
4634	YOR102W	0.69279
4635	YIL024C	0.69275
4636	YFR011C	0.69268
4637	YLR422W	0.69258
4638	YGR198W	0.6924
4639	YML009C	0.69237
4640	YOR200W	0.69234
4641	YGR081C	0.69231
4642	YOL017W	0.69212
4643	YOR318C	0.69206
4644	YHR097C	0.6918
4645	YIL112W	0.69177
4646	YNL130C-A	0.69172
4647	YLR136C	0.69168
4648	YLL059C	0.69153
4649	YDR367W	0.69153
4650	YOR289W	0.69151
4651	YLR142W	0.69139
4652	YPR064W	0.69134
4653	YBR215W	0.69128
4654	YLR459W	0.69124
4655	YAL037C-B	0.69115
4656	YPL034W	0.69112
4657	YPR160W-A	0.691
4658	YKL025C	0.691
4659	YER088C-A	0.69097
4660	YHR032C-A	0.69088
4661	YMR133W	0.69084
4662	YGR233C	0.69081
4663	YGR076C	0.69078
4664	YDR510C-A	0.69077
4665	YJL142C	0.69066
4666	YLR406C-A	0.69064
4667	YLR269C	0.69058
4668	YAL055W	0.69056
4669	YDR495C	0.6905
4670	YMR060C	0.69044
4671	YBL100C	0.69044
4672	YNL144W-A	0.69037
4673	YGR139W	0.69034
4674	YLR407W	0.69025
4675	YGR182C	0.68999
4676	YGR051C	0.68996
4677	YLR159W	0.68996
4678	YLR156W	0.68996
4679	YLR161W	0.68996
4680	YER189W	0.68995
4681	YJL016W	0.68991
4682	YJR151W-A	0.68987
4683	YCL028W	0.68981
4684	YAL042C-A	0.6898
4685	YLR379W-A	0.68977
4686	YJL052C-A	0.68974
4687	YKL058W	0.6897
4688	YNL057W	0.68969
4689	YHR054W-A	0.68968
4690	YHR052W-A	0.68968
4691	YIR044C	0.68965
4692	YNL043C	0.68964
4693	YCL023C	0.68962
4694	YNL297C	0.68959
4695	YEL075C	0.68959
4696	YDL067C	0.68959
4697	YEL073C	0.68958
4698	YHR053C	0.68957
4699	YHR055C	0.68957
4700	YFR034W-A	0.68954
4701	YMR293C	0.68954
4702	YHR180W-A	0.68949
4703	YGL247W	0.68947
4704	YGR169C-A	0.68942
4705	YOL155W-A	0.68936
4706	YMR242W-A	0.68925
4707	YFL065C	0.6892
4708	YER050C	0.68919
4709	YOR277C	0.68919
4710	YJL122W	0.68912
4711	YMR021C	0.68909
4712	YNL230C	0.68909
4713	YDR464W	0.68902
4714	YHR213W-B	0.68894
4715	YCL041C	0.68891
4716	YOL083C-A	0.68884
4717	YHR182C-A	0.68883
4718	YDL070W	0.68874
4719	YNL245C	0.68873
4720	YLR379W	0.68859
4721	YCL029C	0.68858
4722	YPL142C	0.68856
4723	YER046W	0.68852
4724	YIR023C-A	0.68841
4725	YOR355W	0.68835
4726	YBR036C	0.68834
4727	YPR109W	0.6883
4728	YGR106C	0.68824
4729	YDL162C	0.68813
4730	YJL064W	0.68802
4731	YMR245W	0.68798
4732	YOR055W	0.68791
4733	YFL007W	0.68789
4734	YNL269W	0.68787
4735	YDR537C	0.6878
4736	YLR278C	0.68778
4737	YLL006W-A	0.68771
4738	YEL017C-A	0.6877
4739	YIL142C-A	0.68769
4740	YKR031C	0.68766
4741	YEL033W	0.68749
4742	YJR059W	0.68747
4743	YFR049W	0.68742
4744	YDR274C	0.68741
4745	YKL205W	0.68734
4746	YPR040W	0.68732
4747	Q0075	0.68726
4748	YFR029W	0.68723
4749	YMR105W-A	0.68723
4750	YKL014C	0.68721
4751	YGR107W	0.68712
4752	YJL009W	0.68709
4753	YNL041C	0.68704
4754	YOR314W-A	0.68704
4755	YGR096W	0.68699
4756	YOR268C	0.68695
4757	YAR019W-A	0.68692
4758	YFL021C-A	0.68684
4759	YOR337W	0.68663
4760	YLR321C	0.68661
4761	YER018C	0.6866
4762	YFR035C	0.68656
4763	YPL062W	0.68654
4764	YCR066W	0.68652
4765	YBR195C	0.68648
4766	YLR067C	0.68647
4767	YMR013W-A	0.68642
4768	YEL053W-A	0.68631
4769	YPR203W	0.68621
4770	YGL142C	0.68617
4771	YGL109W	0.6861
4772	YKR032W	0.68608
4773	YDR073W	0.68602
4774	YHR071W	0.68599
4775	YBR257W	0.68594
4776	YGR270C-A	0.68589
4777	YCR038W-A	0.68582
4778	YLR033W	0.68581
4779	YMR176W	0.68548
4780	YOR331C	0.68546
4781	YCR006C	0.68543
4782	YAR053W	0.68541
4783	YOR058C	0.68536
4784	YAR035C-A	0.68526
4785	YHL009C	0.68525
4786	YPR009W	0.68524
4787	YNL028W	0.68518
4788	YNL146C-A	0.68517
4789	YNL234W	0.68513
4790	YDR357C	0.68501
4791	YGL258W-A	0.685
4792	YGL074C	0.68497
4793	YKL156C-A	0.6849
4794	YDR462W	0.68489
4795	YGL165C	0.68489
4796	YAR064W	0.68482
4797	YHR143W	0.68481
4798	YLR157W-E	0.68481
4799	YNL058C	0.68476
4800	YPL144W	0.68476
4801	YJL152W	0.68473
4802	YML034W	0.68471
4803	YAR029W	0.68455
4804	YPL139C	0.68455
4805	YDL232W	0.68454
4806	YJL013C	0.68453
4807	YLR127C	0.68448
4808	YPL016W	0.68443
4809	YCR032W	0.68443
4810	YPR053C	0.68437
4811	YML107C	0.68436
4812	YLR228C	0.68435
4813	YDR504C	0.68434
4814	YKR027W	0.68431
4815	YCL019W	0.68429
4816	YDR124W	0.68424
4817	YOR019W	0.68416
4818	YNL277W-A	0.68405
4819	YDR458C	0.68392
4820	YBL084C	0.6839
4821	YKL183W	0.68389
4822	YAL041W	0.68386
4823	YBR128C	0.68379
4824	YBR109W-A	0.68374
4825	YNL017C	0.68356
4826	R0040C	0.68356
4827	YBR239C	0.68338
4828	YML057C-A	0.68329
4829	YHL048C-A	0.68329
4830	YMR254C	0.68317
4831	YHR105W	0.68314
4832	YMR324C	0.68312
4833	YOR029W	0.68309
4834	YBR191W-A	0.68306
4835	YDL044C	0.68295
4836	YLR349W	0.68287
4837	YOR083W	0.68287
4838	YKL076C	0.68286
4839	YKL147C	0.68284
4840	YLL002W	0.68281
4841	YFR023W	0.6827
4842	YOL100W	0.68265
4843	YPR170C	0.68264
4844	YIR036W-A	0.68261
4845	YJL019W	0.68257
4846	YPR014C	0.68254
4847	YDL107W	0.68249
4848	YDL114W-A	0.68242
4849	YML031C-A	0.68242
4850	YOL050C	0.68231
4851	YLR423C	0.68227
4852	YGR161W-B	0.68224
4853	YFL002W-A	0.68224
4854	YMR117C	0.68221
4855	YHR180C-B	0.68213
4856	YEL035C	0.68209
4857	YJL007C	0.68208
4858	YLR317W	0.68203
4859	YBR064W	0.68201
4860	YJL184W	0.68196
4861	YOL046C	0.68195
4862	YDR197W	0.6819
4863	YNL324W	0.6819
4864	YPR133W-A	0.68183
4865	YHR004C	0.68181
4866	YPR195C	0.68177
4867	YBR090C	0.68169
4868	YNL089C	0.68168
4869	YJR128W	0.68164
4870	YEL045C	0.68163
4871	YDR261W-B	0.68161
4872	YDR271C	0.68154
4873	YJL197C-A	0.68153
4874	YGR206W	0.68151
4875	YOR135C	0.6815
4876	YKL133C	0.68127
4877	YMR230W-A	0.68123
4878	YOR192C-B	0.68121
4879	YDR138W	0.68119
4880	YDR104C	0.6811
4881	YOL069W	0.68104
4882	YOR183W	0.68103
4883	YHL005C	0.68097
4884	YOR144C	0.68092
4885	YJR080C	0.68091
4886	YIL031W	0.68087
4887	YOR072W	0.68086
4888	YCL046W	0.68085
4889	YGL093W	0.68081
4890	YLR381W	0.68078
4891	YLR120W-A	0.68075
4892	YBR200W-A	0.68074
4893	YGR176W	0.6807
4894	YGL090W	0.6807
4895	YLL037W	0.68062
4896	YCL058C	0.68059
4897	YMR274C	0.68057
4898	YGR038C-D/YGR038C-C	0.68057
4899	YLR310C	0.68047
4900	YDR118W-A	0.68043
4901	YBR174C	0.6804
4902	YDR034C-D	0.68037
4903	YGL118C	0.68026
4904	YPL278C	0.68025
4905	YIL175W	0.68025
4906	YJL222W-B	0.68025
4907	YKL038W	0.68023
4908	YPR199C	0.68021
4909	YOL166W-A	0.68016
4910	YFL013W-A	0.68012
4911	YER022W	0.68009
4912	YLR412C-A	0.68006
4913	YPL178W	0.68001
4914	YER014C-A	0.68
4915	YNL303W	0.67991
4916	YLR264C-A	0.67989
4917	YOR203W	0.67985
4918	Q0080	0.67984
4919	YIL132C	0.67984
4920	YGL197W	0.67974
4921	YFR052C-A	0.67958
4922	YPL038W-A	0.67958
4923	YPL202C	0.67955
4924	YEL059W	0.67954
4925	YLL049W	0.67952
4926	YHR217C	0.67949
4927	YDR290W	0.67944
4928	YJR041C	0.67937
4929	YEL008W	0.67937
4930	YDR451C	0.67934
4931	YPR117W	0.67917
4932	YBL044W	0.67907
4933	YBR233W-A	0.67906
4934	YOR316C-A	0.67905
4935	YAL026C-A	0.67901
4936	YMR008C-A	0.67896
4937	YGR069W	0.67895
4938	YLR440C	0.67892
4939	YLR442C	0.67892
4940	YDR210W-B	0.67867
4941	YDR017C	0.67866
4942	YLR462W	0.67865
4943	YGL249W	0.67853
4944	YDL159C-B	0.67853
4945	YHR071C-A	0.67848
4946	YGR053C	0.67837
4947	YJL195C	0.67835
4948	YGR130C	0.67826
4949	YDL196W	0.67822
4950	YML089C	0.6781
4951	YDR125C	0.6781
4952	YLR410W-B	0.67806
4953	YMR258C	0.67802
4954	YER145C-A	0.67798
4955	YPR061C	0.67797
4956	YGL218W	0.67794
4957	YKR030W	0.67787
4958	YNL068C	0.67785
4959	YLR346C	0.67779
4960	YHR072W-A	0.67776
4961	YOR345C	0.6776
4962	YLR010C	0.67759
4963	YGR204C-A	0.67758
4964	YBL100W-B	0.67756
4965	YOR325W	0.67747
4966	YDL034W	0.67742
4967	YOR085W	0.67741
4968	YMR311C	0.67733
4969	YDR187C	0.67732
4970	YLR350W	0.6772
4971	Q0110	0.67718
4972	YGL177W	0.67718
4973	YJL175W	0.67715
4974	YOR008C-A	0.67708
4975	YLL021W	0.67696
4976	YOL097W-A	0.67691
4977	YGL088W	0.67688
4978	YGL199C	0.67684
4979	YMR031C	0.67677
4980	YCR015C	0.6767
4981	YLR311C	0.67669
4982	YGL013C	0.67668
4983	YIR030C	0.67664
4984	YCR041W	0.6765
4985	YGR030C	0.67644
4986	YCR083W	0.67642
4987	YHL027W	0.67641
4988	YGR227W	0.67635
4989	YKR073C	0.67629
4990	YHR139C-A	0.67629
4991	YJR134C	0.67622
4992	YER147C-A	0.67619
4993	YGR068W-A	0.67613
4994	YDR230W	0.6761
4995	YKL036C	0.67601
4996	YDR491C	0.67601
4997	YOL053W	0.676
4998	YKL131W	0.67598
4999	YJL027C	0.67595
5000	YJL135W	0.67593
5001	YDR366C	0.67589
5002	YGR236C	0.67579
5003	YPL156C	0.67576
5004	YDL005C	0.67566
5005	YDL172C	0.67564
5006	YDL219W	0.67558
5007	YER092W	0.67554
5008	YGR215W	0.67552
5009	YEL025C	0.67547
5010	YER112W	0.67547
5011	YGR290W	0.67538
5012	YJL119C	0.67537
5013	YER137C	0.67534
5014	YIL058W	0.67532
5015	YOR373W	0.6753
5016	YDR005C	0.67529
5017	YJR093C	0.67528
5018	YJL120W	0.67527
5019	YCR024C-B	0.67527
5020	YOR343W-B	0.67526
5021	YJR135C	0.67524
5022	YKL102C	0.67521
5023	YGR146C-A	0.67517
5024	YKL044W	0.67513
5025	YOR068C	0.67506
5026	YGR008C	0.67506
5027	YOR276W	0.67504
5028	YML076C	0.67501
5029	YJR120W	0.67497
5030	YKR020W	0.67495
5031	YAL045C	0.67492
5032	YIL139C	0.67492
5033	YDL026W	0.6749
5034	YGR228W	0.67486
5035	YDR078C	0.67485
5036	YOL138C	0.67483
5037	YHL015W-A	0.67481
5038	YPL076W	0.67479
5039	YNL183C	0.67477
5040	YML122C	0.67477
5041	YNL150W	0.67467
5042	YCR099C	0.67465
5043	YPR122W	0.67462
5044	YGL217C	0.67456
5045	YGL159W	0.67442
5046	YPL205C	0.67438
5047	YPR063C	0.67436
5048	YHR035W	0.67434
5049	YER054C	0.67432
5050	YPL025C	0.67431
5051	YDR003W-A	0.67422
5052	YJL044C	0.67417
5053	YMR316C-A	0.67407
5054	YJL049W	0.67403
5055	YPR202W	0.67401
5056	YGL226W	0.67386
5057	YMR247W-A	0.67385
5058	Q0017	0.67385
5059	YHR119W	0.67382
5060	YNL143C	0.67374
5061	YOR379C	0.67371
5062	YIL159W	0.6737
5063	YGR259C	0.67366
5064	YLR302C	0.67363
5065	YDR417C	0.67357
5066	YOR050C	0.67353
5067	YHL045W	0.67349
5068	YNR047W	0.67348
5069	YDR371C-A	0.67343
5070	YBR056W-A	0.67339
5071	YIL021C-A	0.67335
5072	YJL199C	0.67333
5073	YGL152C	0.6733
5074	YEL030C-A	0.67325
5075	YCR047W-A	0.67319
5076	YIL129C	0.67319
5077	YLR123C	0.67318
5078	YHR125W	0.67316
5079	YPL216W	0.67311
5080	YDR369C	0.67306
5081	YPL114W	0.67306
5082	YML094C-A	0.67302
5083	YDR157W	0.67295
5084	YLR356W	0.67295
5085	YPR130C	0.67292
5086	YGL034C	0.6729
5087	YPL120W	0.67289
5088	YJL105W	0.67289
5089	YPR049C	0.67286
5090	YMR298W	0.67281
5091	YLR024C	0.67275
5092	YKL074C	0.67261
5093	YBR121C-A	0.67257
5094	YNL086W	0.67252
5095	YHR214C-E	0.6725
5096	YKR016W	0.6725
5097	YCR085W	0.67245
5098	YGR147C	0.67244
5099	YCR081C-A	0.67243
5100	YER184C	0.67234
5101	YIR030W-A	0.67231
5102	YCL054W-A	0.67229
5103	YBR103C-A	0.67227
5104	YJL156W-A	0.67227
5105	YMR031W-A	0.67222
5106	YLR162W	0.67217
5107	YML029W	0.67209
5108	YBR027C	0.67207
5109	YLR165C	0.67199
5110	YER148W-A	0.67195
5111	YBR120C	0.67187
5112	YOR225W	0.67182
5113	YMR019W	0.67177
5114	YNL338W	0.67176
5115	YNR075C-A	0.67176
5116	YLR453C	0.67176
5117	YPL192C	0.67176
5118	YML129C	0.67174
5119	YJL099W	0.67171
5120	YNL097C-B	0.67164
5121	YMR175W-A	0.6716
5122	YMR184W	0.67147
5123	YCR097W-A	0.67144
5124	YBR206W	0.67141
5125	YOR140W	0.67137
5126	YHR082C	0.67136
5127	YIL149C	0.67133
5128	YMR294W	0.6713
5129	YBR232C	0.67119
5130	YER109C	0.67118
5131	YIR003W	0.67116
5132	YMR153W	0.67115
5133	YBR178W	0.67111
5134	YIL100W	0.67107
5135	YDL009C	0.6709
5136	YDR250C	0.6708
5137	YKL208W	0.67077
5138	YBR076C-A	0.67076
5139	YAR069C	0.67075
5140	YHR214C-D	0.67075
5141	YGL215W	0.67071
5142	YJL083W	0.67066
5143	YDL115C	0.67064
5144	YDL173W	0.67062
5145	YCL061C	0.6706
5146	YDR303C	0.67054
5147	YDL086C-A	0.67048
5148	YEL018C-A	0.67048
5149	YBR049C	0.67043
5150	YKR019C	0.6704
5151	YDR153C	0.67038
5152	YIL012W	0.67035
5153	YPL152W-A	0.67034
5154	YEL074W	0.6703
5155	YDR344C	0.67027
5156	YMR032W	0.6702
5157	YGR190C	0.67014
5158	YGR269W	0.67014
5159	YBR032W	0.67013
5160	YOR220W	0.67013
5161	YMR073C	0.67007
5162	YJL127W-A	0.67007
5163	YGR265W	0.67
5164	YOR228C	0.66999
5165	YPL182C	0.66995
5166	YCL039W	0.66989
5167	YMR284W	0.66989
5168	YDR322W	0.66987
5169	YEL017W	0.66986
5170	YIR020W-A	0.66981
5171	YDR296W	0.66978
5172	YBR270C	0.66977
5173	YOL166C	0.66976
5174	YKR101W	0.66976
5175	YDR220C	0.66966
5176	YAL034C	0.66961
5177	YBR240C	0.66956
5178	YBR196C-B	0.66943
5179	YEL020C-B	0.66937
5180	YBL039C-A	0.66933
5181	YNR001W-A	0.6692
5182	YAL047W-A	0.66918
5183	YDL221W	0.6691
5184	YDL247W-A	0.66909
5185	YPR059C	0.66893
5186	YLR256W	0.66886
5187	YLR057W	0.66883
5188	YEL072W	0.66876
5189	YBR108W	0.66869
5190	YBL077W	0.66865
5191	YDR076W	0.66862
5192	YOR199W	0.66858
5193	YKL092C	0.66851
5194	YPR070W	0.66851
5195	YIR018W	0.66846
5196	YPL185W	0.66842
5197	YPL193W	0.66841
5198	YHR149C	0.6684
5199	YLL020C	0.66837
5200	YDR442W	0.6683
5201	YHL002C-A	0.6683
5202	YAR070C	0.66819
5203	YIR024C	0.66813
5204	YGL188C	0.66804
5205	YPR076W	0.66803
5206	YPL011C	0.66802
5207	YOR293C-A	0.66793
5208	YPL256C	0.66777
5209	YLR106C	0.66776
5210	YLR073C	0.6677
5211	YLR374C	0.66769
5212	YER067W	0.66769
5213	YNL172W	0.66768
5214	YOL013W-A	0.66766
5215	YOR041C	0.66765
5216	YHR007C-A	0.66751
5217	YMR030W-A	0.66746
5218	YLR211C	0.66737
5219	YPR177C	0.66736
5220	YKL123W	0.66732
5221	YHL037C	0.66726
5222	YDR467C	0.66724
5223	YHR063W-A	0.66713
5224	YPL080C	0.66713
5225	YJL037W	0.6671
5226	YPR050C	0.6671
5227	YOL019W-A	0.66708
5228	YDR169C-A	0.66702
5229	YLR365W	0.66685
5230	YKL183C-A	0.66683
5231	YML017W	0.66683
5232	YHR049C-A	0.66682
5233	YPL251W	0.6668
5234	YKL115C	0.66675
5235	YOL107W	0.66673
5236	YLR416C	0.66669
5237	YLL030C	0.66668
5238	YDR169C	0.66664
5239	YOL160W	0.66663
5240	YJL222W-A	0.66663
5241	YIL174W	0.66663
5242	YHR086W-A	0.66652
5243	YEL050W-A	0.66639
5244	YOR148C	0.66637
5245	YNR035C	0.66637
5246	YOR073W-A	0.66627
5247	YLR342W-A	0.66627
5248	YBR077C	0.66621
5249	YGR045C	0.66615
5250	YFL015W-A	0.66604
5251	YLR454W	0.66602
5252	YKL136W	0.66601
5253	YDL121C	0.66596
5254	YOR012W	0.66589
5255	YER115C	0.66588
5256	YBR272C	0.6658
5257	YJR023C	0.66579
5258	YDR464C-A	0.66578
5259	YGR222W	0.66573
5260	YIL068W-A	0.6657
5261	YIL049W	0.66566
5262	YJL067W	0.66563
5263	YER107W-A	0.66563
5264	YDR360W	0.66555
5265	YIL002W-A	0.66543
5266	YDR102C	0.66537
5267	YIL029W-A	0.66536
5268	YNL005C	0.66534
5269	YMR135W-A	0.66533
5270	YHR021W-A	0.6653
5271	YDR118W	0.66522
5272	YLR322W	0.66515
5273	YJL073W	0.66515
5274	YDR348C	0.66514
5275	YGR226C	0.66514
5276	YDR329C	0.66496
5277	YNL138W-A	0.66494
5278	YGR293C	0.66493
5279	YOL040C	0.66492
5280	YPL044C	0.66491
5281	YOR146W	0.66484
5282	YML036W	0.66478
5283	YNR005C	0.66475
5284	YKL176C	0.66472
5285	YJL023C	0.66467
5286	YIR033W	0.66465
5287	YBR012C	0.66462
5288	YBL062W	0.66461
5289	YJL182C	0.6646
5290	YDR466W	0.66456
5291	YHL009W-A	0.6645
5292	YMR098C	0.66443
5293	YJL176C	0.6644
5294	YNL170W	0.6644
5295	YDR034W-B	0.66422
5296	YCR038C	0.66421
5297	YIL115W-A	0.6642
5298	YKR075W-A	0.66418
5299	YJL188C	0.6641
5300	YIL028W	0.66399
5301	YOL037C	0.66392
5302	YNL162W	0.66391
5303	YHR141C	0.66391
5304	YDR379W	0.66389
5305	YJL169W	0.66386
5306	YAL034C-B	0.66384
5307	YFR039C	0.66381
5308	YNL179C	0.6638
5309	YML108W	0.66377
5310	YNR024W	0.66372
5311	YCL021W	0.6637
5312	YDR119W	0.66364
5313	YDL139C	0.66364
5314	YER122C	0.66364
5315	YBR089W	0.66364
5316	YMR320W	0.6636
5317	YGL059W	0.66359
5318	YAL037W	0.66357
5319	YPL161C	0.66356
5320	YJR053W	0.66352
5321	YMR280C	0.6635
5322	YFR026C	0.66345
5323	YDR278C	0.66343
5324	YDR154C	0.66338
5325	YBL083C	0.66337
5326	YER078W-A	0.66337
5327	YFR040W	0.66336
5328	YOR072W-A	0.66334
5329	YDR285W	0.66332
5330	YNL145W	0.66319
5331	YPR106W	0.66316
5332	YMR172W	0.66315
5333	YJR018W	0.66313
5334	YPL085W	0.66313
5335	YBR259W	0.66312
5336	YLR463C	0.66311
5337	YGR064W	0.66305
5338	YKR095W	0.66304
5339	YPL222C-A	0.66293
5340	YGL237C	0.66292
5341	YDL025W-A	0.66286
5342	YGL041C-B	0.66272
5343	YBR223W-A	0.66271
5344	YGR160W	0.66268
5345	YJL015C	0.66259
5346	YBL107W-A	0.66258
5347	YCR001W	0.66257
5348	YDR355C	0.66254
5349	YGL052W	0.66252
5350	YDR469W	0.66245
5351	YJL048C	0.66244
5352	YDR426C	0.66241
5353	YLR265C	0.66233
5354	YHR070C-A	0.66216
5355	YOR105W	0.66199
5356	YMR017W	0.66196
5357	YBL065W	0.66195
5358	YBR188C	0.66194
5359	YBR292C	0.66193
5360	YJR038C	0.66192
5361	YGL073W	0.66192
5362	YGL235W	0.66181
5363	YMR198W	0.66179
5364	YMR018W	0.66161
5365	Q0115	0.6616
5366	YIL025C	0.66148
5367	YMR307C-A	0.66141
5368	YDR131C	0.66131
5369	YLR415C	0.66121
5370	YMR001C-A	0.66113
5371	YJL075C	0.66104
5372	YAL059C-A	0.66102
5373	YML007C-A	0.66087
5374	YCR064C	0.66083
5375	YLR402W	0.66078
5376	YBL008W-A	0.66063
5377	YDR544C	0.66061
5378	YNL164C	0.66061
5379	YMR007W	0.66058
5380	YKL177W	0.66057
5381	YIL047C-A	0.66053
5382	YGL041W-A	0.66053
5383	YOR028C	0.66049
5384	YJL215C	0.66043
5385	YOR108C-A	0.6604
5386	YGL107C	0.66036
5387	YNL133C	0.66036
5388	YOR263C	0.66035
5389	YDR340W	0.66034
5390	YER135C	0.66024
5391	YOL089C	0.66021
5392	YOL032W	0.6602
5393	YLR370C	0.66015
5394	YPR160C-A	0.66014
5395	YFR056C	0.66013
5396	YDL220C	0.66011
5397	YPR015C	0.66008
5398	YKL083W	0.66006
5399	YEL075W-A	0.66
5400	YCL056C	0.65995
5401	YNL114C	0.65993
5402	YNL008C	0.65989
5403	YBL071C-B	0.65987
5404	YLR329W	0.65983
5405	YKL101W	0.65978
5406	YJL028W	0.65974
5407	YIL171W-A	0.65971
5408	YJL220W	0.65971
5409	YDR499W	0.65963
5410	YAL008W	0.6596
5411	YDR156W	0.65957
5412	YJL114W	0.65955
5413	YOR300W	0.65953
5414	YDR524W-C	0.65947
5415	YOL003C	0.65945
5416	YNL204C	0.65941
5417	YBL070C	0.65938
5418	YLR173W	0.65933
5419	YNL276C	0.65931
5420	YGR025W	0.65926
5421	YJL077C	0.65925
5422	YPR071W	0.65923
5423	YDR383C	0.65902
5424	YPL021W	0.65899
5425	YOR282W	0.65878
5426	YOR193W	0.65873
5427	YGL123C-A	0.65872
5428	YGL149W	0.65871
5429	YDR095C	0.65862
5430	YPL166W	0.65859
5431	YER053C-A	0.65858
5432	YMR100W	0.65855
5433	YHL025W	0.65841
5434	YHL019W-A	0.65836
5435	YER023C-A	0.65831
5436	YAL032C	0.65828
5437	YGR031C-A	0.65813
5438	YGL007C-A	0.65811
5439	YPL060C-A	0.65809
5440	YMR141C	0.65807
5441	YHR001W-A	0.65806
5442	YLR271W	0.65805
5443	YDR414C	0.65803
5444	YMR013C-A	0.65781
5445	YNR003W-A	0.65778
5446	YOL164W-A	0.65778
5447	YLR098C	0.65767
5448	YCR025C	0.65762
5449	YLR424C-A	0.65761
5450	YBR099C	0.65754
5451	YGL162W	0.65741
5452	YBR135W	0.65732
5453	YEL067C	0.65731
5454	YHL009W-B	0.65723
5455	YGL063C-A	0.65721
5456	YFR012W-A	0.65721
5457	YKL153W	0.6572
5458	YCR050C	0.65713
5459	YIL014C-A	0.6571
5460	YKR005C	0.65708
5461	YPR007C	0.65707
5462	YNL165W	0.65702
5463	YDR261C-C	0.65701
5464	YGR089W	0.657
5465	YHL030W-A	0.65697
5466	YCR095W-A	0.6569
5467	YIL032C	0.65689
5468	YOL038C-A	0.65686
5469	YLR347W-A	0.65674
5470	YIL156W-A	0.65666
5471	YLR151C	0.65663
5472	YJL113W	0.65658
5473	YER090C-A	0.65656
5474	YLR279W	0.65639
5475	YHL023C	0.65639
5476	YLR157C-C	0.65639
5477	YLR159C-A	0.65639
5478	YLR156C-A	0.65639
5479	YLR154C-H	0.65639
5480	YLR135W	0.65639
5481	YPL075W	0.65631
5482	YML103C	0.6562
5483	YBR171W	0.65614
5484	YBR083W	0.65599
5485	YJL202C	0.65596
5486	YDR525W	0.65594
5487	YOL103W-A	0.65593
5488	YCL005W-A	0.65586
5489	YPR158C-C	0.65586
5490	YHR073W-A	0.65581
5491	YER046W-A	0.65581
5492	YCR033W	0.65573
5493	YLR280C	0.65567
5494	YPL177C	0.65564
5495	YHL038C	0.65561
5496	YER152W-A	0.65555
5497	YKL063C	0.65552
5498	YIL144W	0.65551
5499	YJR086W	0.65551
5500	YNR037C	0.65537
5501	YOR366W	0.6553
5502	YIR020C	0.65527
5503	YNL314W	0.65526
5504	YPL056C	0.65525
5505	YMR164C	0.65524
5506	YBL103C	0.65511
5507	YJL038C	0.6551
5508	YHR213W-A	0.65506
5509	YBL006W-A	0.65495
5510	YIL020C-A	0.65493
5511	YHR159W	0.65492
5512	YER129W	0.65492
5513	YDR199W	0.65491
5514	YBR266C	0.65488
5515	YGR251W	0.65487
5516	YKL108W	0.65487
5517	YOL117W	0.65487
5518	YER138W-A	0.65486
5519	YER137C-A	0.65481
5520	YLR157C-A	0.65481
5521	YDR365W-A	0.65481
5522	YPL257W-A	0.65481
5523	YMR016C	0.65473
5524	YOR364W	0.65472
5525	YML059C	0.6547
5526	YPR020W	0.65469
5527	YJR127C	0.65462
5528	YDL213W-A	0.65461
5529	YNL174W	0.65442
5530	YLR261C	0.65442
5531	YGR022C	0.6543
5532	YDL228C	0.65427
5533	YPL135C-A	0.65423
5534	YBR168W	0.65419
5535	YLL066W-B	0.65404
5536	YKL100W-A	0.65402
5537	YIL029C	0.65401
5538	YOL070C	0.654
5539	YMR158W-B	0.65399
5540	YLR101C	0.65394
5541	YDR437W	0.65379
5542	YLL005C	0.65374
5543	YJL180C	0.65368
5544	YMR294W-A	0.65363
5545	YHR156C	0.65362
5546	YDR505C	0.6536
5547	YLR012C	0.6536
5548	YOR208W	0.65357
5549	YNL295W	0.65357
5550	YKL020C	0.65354
5551	YAL064W	0.65353
5552	YDR535C	0.65353
5553	YER172C-A	0.65348
5554	YOL035C	0.65342
5555	YDR524C-A	0.6534
5556	YMR119W-A	0.65336
5557	YKL048C	0.65331
5558	YCL065W	0.65326
5559	YMR119W	0.65318
5560	YGL066W	0.65304
5561	YLR182W	0.65304
5562	YFR009W-A	0.65303
5563	YDR115W	0.6529
5564	YMR072W	0.65288
5565	YGL209W	0.65285
5566	YOL101C	0.65279
5567	YLR361C-A	0.65279
5568	YJR147W	0.65273
5569	YMR134W	0.65271
5570	YAL037C-A	0.65268
5571	YML116W-A	0.65266
5572	YLR062C	0.65262
5573	YLR256W-A	0.65262
5574	YKL097C	0.65259
5575	YML083C	0.65258
5576	YDR215C	0.65257
5577	YOR221C	0.65252
5578	YER118C	0.6525
5579	YML023C	0.65243
5580	YPL136W	0.6524
5581	YJR101W	0.65232
5582	YDL163W	0.65225
5583	YNL019C	0.65225
5584	YLR227W-A	0.65217
5585	YML040W	0.65217
5586	YJR026W	0.65217
5587	YJL076W	0.65198
5588	YER068C-A	0.65195
5589	YDR053W	0.65194
5590	YNL228W	0.65193
5591	YPR137C-A	0.65192
5592	YAR010C	0.65192
5593	YHR131C	0.65186
5594	YHR199C-A	0.65184
5595	YAR030C	0.65183
5596	YBR033W	0.65181
5597	YFL049W	0.65176
5598	YHR058C	0.65175
5599	YIL117C	0.65164
5600	YLR162W-A	0.6516
5601	YBR296C-A	0.65158
5602	YDR371W	0.65152
5603	YPL271W	0.6515
5604	YOL083W	0.65147
5605	YFR010W-A	0.65146
5606	YNL254C	0.65136
5607	YLR111W	0.65125
5608	YGR219W	0.65123
5609	YAR060C	0.65119
5610	YHR212C	0.65119
5611	YBR004C	0.65114
5612	YER186C	0.65105
5613	YIL060W	0.65096
5614	YML045W-A	0.65095
5615	YML041C	0.6509
5616	YBR058C-A	0.65087
5617	YBR113W	0.65077
5618	YLR331C	0.65067
5619	YKR011C	0.65057
5620	YMR025W	0.65056
5621	YOR015W	0.65025
5622	YCR018C	0.65024
5623	YLR285C-A	0.65018
5624	YJL146W	0.65017
5625	YLR202C	0.65017
5626	YLR424W	0.65011
5627	YDR066C	0.65011
5628	YLL019W-A	0.65011
5629	YLR320W	0.65001
5630	YDR183C-A	0.64997
5631	YIL105W-A	0.64996
5632	YOR392W	0.64996
5633	YIL071C	0.64989
5634	YGR084C	0.64987
5635	YOR314W	0.64985
5636	YNL120C	0.64979
5637	YDR246W-A	0.64978
5638	YOR189W	0.64977
5639	YJL209W	0.64974
5640	YLR360W	0.64971
5641	YJL077W-B	0.6497
5642	YBR250W	0.64961
5643	YIL089W	0.64957
5644	YDR143C	0.64954
5645	YIR020C-B	0.64953
5646	YNL033W	0.64953
5647	YGL086W	0.64949
5648	YOL159C	0.64941
5649	YPR068C	0.64931
5650	YGR150C	0.64917
5651	YDR098C-A	0.64914
5652	YBR298C-A	0.6491
5653	YBR131W	0.64908
5654	YLR444C	0.64908
5655	YBR066C	0.64903
5656	YFR003C	0.64903
5657	YDR016C	0.64899
5658	YDR377W	0.64894
5659	YJR028W	0.64893
5660	YDR281C	0.64888
5661	YLR428C	0.64887
5662	YBR012W-A	0.64883
5663	YOR354C	0.64882
5664	YNL042W-B	0.64879
5665	YLR082C	0.64878
5666	YLR171W	0.64877
5667	YBL005W	0.64875
5668	YOL099C	0.64872
5669	YKL104W-A	0.64866
5670	YNL337W	0.64866
5671	YDR146C	0.64863
5672	YER159C-A	0.64858
5673	YLR035C-B	0.64858
5674	YMR051C	0.64858
5675	YGR161C-C	0.64858
5676	YDR316W-A	0.64858
5677	YDL204W	0.64852
5678	YGR075C	0.6485
5679	YGL229C	0.64844
5680	YJL022W	0.64838
5681	YGL188C-A	0.64837
5682	YKR015C	0.64821
5683	YER085C	0.6482
5684	YHR017W	0.64798
5685	YGR122C-A	0.6479
5686	YML034C-A	0.64786
5687	YGR018C	0.64783
5688	YOR129C	0.64774
5689	YLR076C	0.64773
5690	YKL159C	0.64766
5691	YML007W	0.64757
5692	YNL157W	0.64757
5693	YGR038C-A	0.64756
5694	YGR035W-A	0.64747
5695	YNR063W	0.64725
5696	YGL132W	0.64724
5697	YHR056C	0.64718
5698	YPR095C	0.64717
5699	YDR241W	0.64714
5700	YOL044W	0.64709
5701	YGL239C	0.64708
5702	YPR021C	0.64706
5703	YNR004W	0.64701
5704	YDR136C	0.64695
5705	YMR103C	0.64688
5706	YDR307W	0.64686
5707	YHR050W-A	0.64684
5708	YNL205C	0.64681
5709	YDR048C	0.64678
5710	YCR045W-A	0.64676
5711	YKL141W	0.64675
5712	YDL071C	0.6467
5713	YDL088C	0.64668
5714	YCR087W	0.64667
5715	YLR437C	0.64664
5716	YGL168W	0.64657
5717	YDL170W	0.64648
5718	YGR250C	0.64647
5719	YIL158W	0.64646
5720	YGR027W-A	0.64643
5721	YLR313C	0.64629
5722	YOR218C	0.64626
5723	YNL109W	0.6462
5724	YKL169C	0.64619
5725	YMR064W	0.64607
5726	YGL071W	0.64601
5727	YDL181W	0.64596
5728	YDL032W	0.64595
5729	YKL061W	0.64594
5730	YPR185W	0.64593
5731	YDR401W	0.64593
5732	YDR008C	0.64592
5733	YER006C-A	0.64591
5734	YJL047C-A	0.64584
5735	YBL006C	0.64581
5736	YNR042W	0.64581
5737	YDR509W	0.64576
5738	YPR150W	0.64567
5739	YMR122C	0.6456
5740	YDL197C	0.64553
5741	YBR131C-A	0.64547
5742	YPR099C	0.64544
5743	YHL006W-A	0.64539
5744	YPR096C	0.64538
5745	YGR098C	0.64537
5746	YPR158W-A	0.64537
5747	YOR142W-A	0.64537
5748	YLR185W	0.64536
5749	YNL156C	0.64531
5750	YLR242C	0.64521
5751	YNL296W	0.64507
5752	YER084W	0.64506
5753	YGL072C	0.64504
5754	YPR136C	0.64495
5755	YHR165C	0.64492
5756	YDL235C	0.64489
5757	YPR039W	0.64485
5758	YLR119W	0.64481
5759	YER091C-A	0.6448
5760	YPL250W-A	0.64476
5761	YDR354C-A	0.64459
5762	YIL098C	0.64453
5763	YBR238C	0.64452
5764	YLR163W-A	0.64451
5765	YDR043C	0.6445
5766	YIL040W	0.64435
5767	YNL053W	0.64433
5768	YDR210C-C	0.64432
5769	YJL211C	0.6443
5770	YAR014C	0.64429
5771	YDR170W-A	0.6442
5772	YBL052C	0.64404
5773	YPL219W	0.64394
5774	YNL054W	0.64393
5775	YDR194W-A	0.64388
5776	YMR304C-A	0.64382
5777	YAL069W	0.64368
5778	YDR526C	0.64361
5779	YGR077C	0.64355
5780	YDR015C	0.64351
5781	YKL165C-A	0.64344
5782	YLR364C-A	0.6434
5783	YDR179C	0.6432
5784	YLR434C	0.64319
5785	YPL018W	0.64318
5786	YLR169W	0.64316
5787	YJR092W	0.64307
5788	YDR317W	0.643
5789	YFL012W-A	0.64296
5790	YOR298W	0.64281
5791	YML027W	0.6427
5792	YMR052W	0.64268
5793	YOR011W-A	0.64241
5794	YNL284C-A	0.64238
5795	YIL127C	0.64237
5796	YLR235C	0.64231
5797	YDR327W	0.6423
5798	YCL068C	0.6423
5799	YBL071C	0.64217
5800	YPR174C	0.64201
5801	YML047W-A	0.64201
5802	YLR366W	0.64201
5803	YMR082C	0.64195
5804	YOR304C-A	0.64182
5805	YOL109W	0.64167
5806	YER075C	0.64165
5807	YDL056W	0.64156
5808	YER038W-A	0.64152
5809	YMR066W	0.64146
5810	YGR016W	0.64142
5811	YIR021W-A	0.64136
5812	YML128C	0.64126
5813	YIL055C	0.6412
5814	YDR217C	0.64119
5815	YJL086C	0.64119
5816	YLR079W	0.64093
5817	YDR445C	0.6409
5818	YLR400W	0.64065
5819	YGR011W	0.64058
5820	YGL041C	0.64037
5821	YHR136C	0.64032
5822	YEL008C-A	0.64027
5823	YPL073C	0.64022
5824	YCR097W	0.64019
5825	YLR154W-C	0.64014
5826	YMR199W	0.6399
5827	YDL094C	0.63989
5828	YLR040C	0.63978
5829	YBR152W	0.63975
5830	YPR146C	0.63973
5831	YLR154W-B	0.63969
5832	YHR153C	0.63962
5833	YMR172C-A	0.6396
5834	YOR008W-B	0.63949
5835	YCL001W-A	0.63949
5836	YJL127C-B	0.6394
5837	YGR291C	0.63939
5838	YCR049C	0.63916
5839	YCR020W-B	0.63916
5840	YGR114C	0.63914
5841	YJR114W	0.63912
5842	YGL061C	0.63904
5843	YDR500C	0.63897
5844	YCR102W-A	0.63892
5845	YAR047C	0.63889
5846	YNL226W	0.63885
5847	YJR094W-A	0.63866
5848	YPR043W	0.63866
5849	YLR395C	0.63856
5850	YGR196C	0.6384
5851	YBL043W	0.63839
5852	YBR126W-B	0.63834
5853	YMR118C	0.63825
5854	YGL096W	0.63823
5855	YLR236C	0.63822
5856	YLR232W	0.63821
5857	YAL068W-A	0.6382
5858	YMR107W	0.6382
5859	YDL020C	0.63819
5860	YDR082W	0.63816
5861	YDL129W	0.6381
5862	YPR012W	0.63786
5863	YDR532C	0.63782
5864	YLR298C	0.63782
5865	YEL010W	0.6378
5866	YBR262C	0.63778
5867	YOL079W	0.63769
5868	YJR012C	0.63757
5869	YOR385W	0.63729
5870	YBL063W	0.63726
5871	YJL207C	0.63725
5872	YGR049W	0.63717
5873	YLR263W	0.63707
5874	YPR027C	0.63696
5875	YAL066W	0.63695
5876	YDR166C	0.63672
5877	YDR235W	0.6367
5878	YGL121C	0.63665
5879	YDL073W	0.63636
5880	YGL219C	0.63631
5881	YOR152C	0.6363
5882	YBL073W	0.63621
5883	YKL130C	0.63615
5884	YIR014W	0.63612
5885	YKR033C	0.63611
5886	YDR455C	0.63604
5887	YGL193C	0.63583
5888	YIL097W	0.6358
5889	YLR154C-G	0.63577
5890	YOR231C-A	0.63573
5891	YEL018W	0.63565
5892	YGR164W	0.63559
5893	YLR157W-D	0.63558
5894	YDR010C	0.63557
5895	YLR112W	0.63557
5896	YLR466C-B	0.63549
5897	YDL240C-A	0.63535
5898	YLR404W	0.63514
5899	YDR350C	0.635
5900	YPR159C-A	0.63487
5901	YML113W	0.63486
5902	YGR015C	0.6347
5903	YLR295C	0.63464
5904	YIR017W-A	0.63458
5905	YJL103C	0.63455
5906	YMR046C	0.63454
5907	YDR521W	0.6345
5908	YGL204C	0.63446
5909	YLR139C	0.63444
5910	YKL171W	0.6344
5911	YJR087W	0.63439
5912	YKL096C-B	0.63437
5913	YOR107W	0.63437
5914	YDR088C	0.63433
5915	YOR297C	0.63423
5916	YCL007C	0.63423
5917	YDR431W	0.63419
5918	YER188C-A	0.6341
5919	YOR376W	0.63408
5920	YBR300C	0.63383
5921	YBL093C	0.63372
5922	YBL005W-A	0.63365
5923	YNL097W-A	0.63357
5924	YML012C-A	0.63353
5925	YBL094C	0.63344
5926	YNL054W-A	0.6334
5927	YPL189C-A	0.63339
5928	YJL058C	0.63339
5929	YAR020C	0.63338
5930	YOL085C	0.63336
5931	YIL030W-A	0.63335
5932	YML058W-A	0.6333
5933	YJR106W	0.63327
5934	YMR194C-A	0.6332
5935	YLR224W	0.63318
5936	YNL144C	0.63317
5937	YGL005C	0.63294
5938	YLL042C	0.63291
5939	YGR249W	0.63287
5940	YNL140C	0.63273
5941	YOR104W	0.6327
5942	YJL095W	0.63263
5943	YGL151W	0.63261
5944	YAL019W-A	0.6326
5945	YBR057C	0.63246
5946	YPL174C	0.63242
5947	YLR408C	0.63241
5948	YER035W	0.63223
5949	YOR137C	0.63204
5950	YPL272C	0.63201
5951	YPR074W-A	0.6319
5952	YER067C-A	0.63187
5953	YBL054W	0.63187
5954	YDR034C	0.63174
5955	YOR343C	0.63165
5956	YMR257C	0.63164
5957	YNL309W	0.63164
5958	YBR197C	0.63156
5959	YNL167C	0.63155
5960	YOL159C-A	0.63152
5961	YPL039W	0.63147
5962	YLR219W	0.63136
5963	YNL211C	0.63122
5964	YER076W-A	0.63116
5965	YOR161C-C	0.63116
5966	YDR422C	0.63114
5967	YCR022C	0.63112
5968	YEL068C	0.63102
5969	YHR182W	0.631
5970	YDR381C-A	0.63098
5971	YLR217W	0.63091
5972	YNL115C	0.63081
5973	YDR149C	0.63066
5974	YJR089W	0.63058
5975	YBR230W-A	0.63058
5976	YKR035C	0.63012
5977	YMR147W	0.63004
5978	YOR266W	0.62995
5979	YDR413C	0.62992
5980	YMR075C-A	0.62989
5981	YHR167W	0.62988
5982	YPL168W	0.62983
5983	YER137W-A	0.62983
5984	YLR146W-A	0.62969
5985	YNL196C	0.62966
5986	YJL205C	0.62963
5987	YOR248W	0.62957
5988	YNL285W	0.62955
5989	YHR099W	0.6295
5990	YKL050C	0.62944
5991	YGL176C	0.6294
5992	YDL158C	0.6294
5993	YEL028W	0.62939
5994	YOR394C-A	0.62935
5995	YOL024W	0.62913
5996	YKL162C	0.62908
5997	YOR072W-B	0.62896
5998	YBR277C	0.62877
5999	YPR084W	0.62876
6000	YDR201W	0.6287
6001	YGL014C-A	0.62863
6002	YER133W-A	0.62863
6003	YDR034C-A	0.62808
6004	YBL012C	0.62796
6005	YER093C-A	0.62792
6006	YDR065W	0.62792
6007	YDR543C	0.62788
6008	YOL085W-A	0.6278
6009	YLR294C	0.62775
6010	YML043C	0.62759
6011	YKR034W	0.62756
6012	YDR396W	0.62753
6013	YKR054C	0.62752
6014	YDR123C	0.6275
6015	YPL257W	0.62748
6016	YML081W	0.62746
6017	YGR230W	0.62732
6018	YAR061W	0.62711
6019	YHR212W-A	0.62711
6020	YLR385C	0.62708
6021	YAL040C	0.62684
6022	YAL010C	0.62675
6023	YMR153C-A	0.62675
6024	YBR209W	0.62675
6025	YML099W-A	0.62654
6026	YOL082W	0.62612
6027	YHL041W	0.62607
6028	YKL118W	0.62602
6029	YPL261C	0.62601
6030	YDL206W	0.626
6031	YMR282C	0.62588
6032	YCR082W	0.62564
6033	YER045C	0.62562
6034	YFL014W	0.62552
6035	YLR036C	0.62552
6036	YLR327C	0.62547
6037	YDL130W-A	0.62545
6038	YOR113W	0.6254
6039	YGR227C-A	0.62538
6040	YDR034C-C	0.62523
6041	YDR069C	0.62515
6042	YHR036W	0.62515
6043	YJL225W-A	0.62514
6044	YIL177W-A	0.62514
6045	YDL189W	0.62506
6046	YJL066C	0.62505
6047	YLR052W	0.625
6048	YKL023W	0.62499
6049	YIL092W	0.62491
6050	YER066C-A	0.62481
6051	YER088C	0.6248
6052	YHL046W-A	0.62472
6053	YHR093W	0.62458
6054	YLR227C	0.62454
6055	YIL141W	0.6245
6056	YKL052C	0.62433
6057	YIL036W	0.62423
6058	YPL099C	0.62421
6059	YOL104C	0.62418
6060	YIL066W-A	0.62386
6061	YGL102C	0.62375
6062	YHR069C-A	0.62359
6063	YJL026C-A	0.62359
6064	YAL031W-A	0.62354
6065	YLR376C	0.62346
6066	YKR046C	0.6234
6067	YLR198C	0.62333
6068	YDR310C	0.6233
6069	YLR184W	0.62322
6070	YGL007W	0.62317
6071	YLR154W-E	0.623
6072	YDR202C	0.62294
6073	YGR137W	0.62288
6074	YDL062W	0.62282
6075	YKR091W	0.6228
6076	YDR261W-A	0.62276
6077	YFR019W	0.62267
6078	YCL020W	0.6224
6079	YMR315W-A	0.6224
6080	YLR297W	0.62239
6081	YBR225W	0.62231
6082	YOR192C-A	0.62231
6083	Q0297	0.62231
6084	YGL226C-A	0.62223
6085	YDR103W	0.6222
6086	YDL211C	0.62216
6087	YPR126C	0.62203
6088	YER079C-A	0.622
6089	YMR141W-A	0.62195
6090	YIL071W-A	0.62181
6091	YFL032W	0.62166
6092	YPL253C	0.62164
6093	YPL070W	0.62152
6094	YBR196C-A	0.62148
6095	YMR052C-A	0.62147
6096	YFR032C-A	0.62143
6097	YBR136W	0.62143
6098	YLR358C	0.62128
6099	YIL163C	0.62126
6100	YFR042W	0.6212
6101	YJR021C	0.62103
6102	YCR081W	0.62098
6103	YDR133C	0.62096
6104	YBR051W	0.6209
6105	YHR056W-A	0.62085
6106	YMR326C	0.62083
6107	YLL003W	0.62082
6108	YPL102C	0.62082
6109	YGL081W	0.62081
6110	YBL100W-C	0.6208
6111	YLR431C	0.6208
6112	YNL210W	0.62031
6113	YNL091W	0.6203
6114	YGL230C	0.61992
6115	YNL319W	0.61992
6116	YJL150W	0.61962
6117	YNL235C	0.61936
6118	YGL182C	0.61932
6119	YOL031C	0.61921
6120	YBR182C-A	0.61917
6121	YMR256C	0.61909
6122	YBR182C	0.61905
6123	YDL185C-A	0.61904
6124	YNL198C	0.61895
6125	YFL068W	0.61884
6126	YLL066W-A	0.61884
6127	YLL067W-A	0.61884
6128	YDL242W	0.6188
6129	YLR201C	0.61876
6130	YIR010W	0.61874
6131	YDR014W-A	0.61862
6132	YHR145C	0.61857
6133	YGR134W	0.61844
6134	YHR219C-A	0.61822
6135	YNL339W-B	0.61822
6136	YML133W-B	0.61822
6137	YGR140W	0.6182
6138	YHR032W-A	0.61818
6139	YEL043W	0.61815
6140	YHR103W	0.61806
6141	YDR529C	0.61804
6142	YBL009W	0.61789
6143	YOR032W-A	0.61782
6144	YJL032W	0.61776
6145	YGL075C	0.61776
6146	YNL070W	0.61775
6147	YMR232W	0.61767
6148	YIL134C-A	0.61762
6149	YPL035C	0.61758
6150	YNL067W-A	0.61758
6151	YER097W	0.61757
6152	YGR161W-A	0.61757
6153	YFL002W-B	0.61757
6154	YHL050W-A	0.61753
6155	YLR467C-A	0.61734
6156	YLR466C-A	0.61734
6157	YOR396C-A	0.61734
6158	YIL046W-A	0.61731
6159	YIL101C	0.6172
6160	YOR186C-A	0.61719
6161	YPR013C	0.6171
6162	YJR005C-A	0.61706
6163	YDR240C	0.61701
6164	YOR032C	0.61687
6165	YHR130C	0.61686
6166	YHR079C-A	0.61681
6167	YPR171W	0.61677
6168	YDR374C	0.61674
6169	YGL006W-A	0.61674
6170	YJL170C	0.61672
6171	YHR175W-A	0.6166
6172	YMR046W-A	0.61656
6173	YOL007C	0.61651
6174	YOR182C	0.61647
6175	YLR287C-A	0.61647
6176	YML062C	0.61639
6177	YOL015W	0.61639
6178	YKL053W	0.61638
6179	YLR221C	0.61625
6180	YER028C	0.61611
6181	YDR406W-A	0.61603
6182	YGR038C-E	0.61595
6183	YLR410W-A	0.61585
6184	YPL283W-B	0.61584
6185	YGR296C-B	0.61584
6186	YEL077W-A	0.61584
6187	YPR204C-A	0.61584
6188	YER190C-B	0.61584
6189	YDR545C-A	0.61579
6190	YLR353W	0.61576
6191	YOR097C	0.61575
6192	YLR154W-A	0.61567
6193	YDR252W	0.6156
6194	YDR119W-A	0.61533
6195	YDR024W	0.61523
6196	YFR032C-B	0.6151
6197	YMR094W	0.61509
6198	YGR115C	0.61499
6199	YNL171C	0.61496
6200	YBL100W-A	0.61489
6201	YFR012W	0.61487
6202	YER132C	0.61475
6203	YPR169W-A	0.6147
6204	YFL063W	0.61465
6205	YFL041W-A	0.61457
6206	YBL059W	0.61457
6207	YKL138C-A	0.61453
6208	YOR177C	0.61427
6209	YNL152W	0.6142
6210	YGR161C	0.61391
6211	YMR163C	0.61375
6212	YKL018C-A	0.61364
6213	YOR073W	0.61363
6214	YHR137C-A	0.61361
6215	YDR524C	0.6136
6216	YKR045C	0.6136
6217	YMR191W	0.61355
6218	YMR030W	0.61343
6219	YBR126W-A	0.61336
6220	YFL031C-A	0.61291
6221	YML054C-A	0.61291
6222	YGR174W-A	0.61286
6223	YLR154W-F	0.61283
6224	YGR179C	0.61269
6225	YJL056C	0.61234
6226	YBR184W	0.61233
6227	YLR363W-A	0.61226
6228	YDR203W	0.61213
6229	YFR036W-A	0.61213
6230	YLR131C	0.61208
6231	YJL020W-A	0.61207
6232	YMR187C	0.61173
6233	YJR140W-A	0.61165
6234	YDR195W	0.61151
6235	YBR224W	0.61146
6236	YIL136W	0.61142
6237	YJR107C-A	0.61128
6238	YBL113W-A	0.61125
6239	YIR016W	0.61112
6240	YDR042C	0.61091
6241	YPR151C	0.61084
6242	YLR094C	0.61076
6243	YER149C	0.61065
6244	YGR041W	0.61063
6245	Q0182	0.61035
6246	YDR361C	0.61031
6247	YMR299C	0.61024
6248	YDL016C	0.61017
6249	YBR219C	0.60998
6250	YMR193C-A	0.60991
6251	YHL029C	0.60985
6252	YPL049C	0.60976
6253	YPR164W	0.60975
6254	YML015C	0.60959
6255	YDR210W-A	0.60949
6256	YNR025C	0.60949
6257	YNR009W	0.60937
6258	YML037C	0.60929
6259	YAL027W	0.60928
6260	YDR443C	0.60927
6261	YGL079W	0.6091
6262	YDR494W	0.60896
6263	YEL009C-A	0.60891
6264	YLR458W	0.60873
6265	YLR424C-B	0.60863
6266	YFL033C	0.60856
6267	YKL204W	0.60854
6268	YOL118C	0.60832
6269	YOR076C	0.60818
6270	YOL131W	0.60786
6271	YPL118W	0.60782
6272	YHR184W	0.60782
6273	YOR030W	0.60771
6274	YOR147W	0.6077
6275	YAL063C-A	0.60728
6276	YMR158C-A	0.60708
6277	YOR343W-A	0.60676
6278	YOR170W	0.60659
6279	YGL214W	0.60637
6280	YPL033C	0.60636
6281	YDL082W	0.60626
6282	YKL106C-A	0.60596
6283	YBR275C	0.60595
6284	YLR091W	0.60594
6285	YDL199C	0.60579
6286	YIL045W	0.60578
6287	YGR142W	0.60573
6288	YGR023W	0.60566
6289	YJR108W	0.60563
6290	YNL024C-A	0.60557
6291	YER087C-A	0.60555
6292	YOR264W	0.60553
6293	YIL086C	0.60548
6294	YOR350C	0.60528
6295	YKR100C	0.60519
6296	YMR142C	0.60511
6297	YBL107C	0.6048
6298	YGL042C	0.60443
6299	YOR158W	0.60438
6300	YMR148W	0.6043
6301	YCL021W-A	0.60429
6302	YPL054W	0.60429
6303	YJL090C	0.60426
6304	YNL199C	0.60426
6305	YLR222C-A	0.60425
6306	YMR124W	0.60415
6307	YDR515W	0.60412
6308	YMR204C	0.60411
6309	YMR059W	0.60403
6310	YGR067C	0.60392
6311	YJR003C	0.60381
6312	YCR018C-A	0.60373
6313	YNL042W	0.60367
6314	YNR049C	0.60366
6315	YJR030C	0.60353
6316	YNR077C	0.60345
6317	YPL130W	0.60324
6318	YHR214W-A	0.60324
6319	YGR275W	0.60292
6320	YLL044W	0.60283
6321	YOR047C	0.60281
6322	YAL028W	0.6028
6323	YOL013W-B	0.60267
6324	YLR299C-A	0.60231
6325	YMR179W	0.60229
6326	YGR113W	0.602
6327	YDL176W	0.60183
6328	YAL016C-B	0.60167
6329	YMR086W	0.60149
6330	YAR068W	0.60126
6331	YHR177W	0.60116
6332	YMR075W	0.60113
6333	YOR235W	0.60105
6334	YBL048W	0.60104
6335	YNL266W	0.60101
6336	YPR142C	0.60097
6337	YBR007C	0.60089
6338	YKL138C	0.60084
6339	YJR056C	0.60071
6340	Q0143	0.60056
6341	YDR446W	0.60054
6342	YDL151C	0.60022
6343	YHR193C-A	0.60001
6344	YOR114W	0.59985
6345	YCL022C	0.59982
6346	YJR037W	0.59963
6347	YCL051W	0.59963
6348	YIL037C	0.59947
6349	YCL001W	0.59935
6350	YGR039W	0.59914
6351	YIL102C-A	0.59913
6352	YBR148W	0.59913
6353	YML009W-B	0.59908
6354	YOL134C	0.59903
6355	YCR108C	0.59889
6356	YEL005C	0.59857
6357	YJR157W	0.59853
6358	YNR045W	0.59849
6359	YFR008W	0.59848
6360	YOR333C	0.5984
6361	YLR436C	0.59822
6362	YKR010C	0.59815
6363	YOR349W	0.59785
6364	YGL117W	0.5978
6365	YOR381W-A	0.59769
6366	YOR195W	0.59767
6367	YPL197C	0.59765
6368	YDR239C	0.59757
6369	YGR079W	0.59748
6370	YLR267W	0.5972
6371	YLR042C	0.59696
6372	YDR151C	0.59679
6373	YPR134W	0.59659
6374	YFR057W	0.59631
6375	YNL225C	0.59609
6376	YDR461C-A	0.59595
6377	YER088W-B	0.59591
6378	YNL197C	0.59579
6379	YBL053W	0.59571
6380	YPL269W	0.59552
6381	YLR099W-A	0.59546
6382	YLR254C	0.59542
6383	YFL019C	0.59541
6384	YNL159C	0.59525
6385	YAL024C	0.59508
6386	YJL189W	0.59483
6387	YOR178C	0.59462
6388	YLR352W	0.59443
6389	YDR425W	0.59429
6390	YPL158C	0.5942
6391	YDL152W	0.59417
6392	YBL039W-B	0.59378
6393	YKL111C	0.59359
6394	YLR190W	0.59357
6395	YER111C	0.5935
6396	YDR181C	0.59344
6397	YBL046W	0.59333
6398	YBR072C-A	0.59283
6399	YER175W-A	0.59266
6400	YOR169C	0.59266
6401	YDL159W-A	0.59257
6402	YNL013C	0.59231
6403	YDR096W	0.59194
6404	YDL089W	0.59175
6405	YDL224C	0.59175
6406	YPR036W-A	0.59145
6407	YDR457W	0.59137
6408	YGR151C	0.59119
6409	YNL103W	0.59112
6410	YCL027W	0.59085
6411	YML101C-A	0.59083
6412	YPL027W	0.59075
6413	YBL088C	0.59071
6414	YJL149W	0.59016
6415	YKL185W	0.58988
6416	YDR014W	0.58926
6417	YMR151W	0.58907
6418	YBR230C	0.58881
6419	YBR255W	0.58878
6420	YDL050C	0.58875
6421	YJL133C-A	0.58875
6422	YMR219W	0.58862
6423	YLR273C	0.58852
6424	YMR135C	0.58842
6425	YKR037C	0.5882
6426	YLL033W	0.58816
6427	YDL239C	0.5879
6428	YER038C	0.58779
6429	YCR043C	0.58758
6430	YOR329W-A	0.58756
6431	YDR030C	0.58749
6432	YHR052C-B	0.58734
6433	YHR054C-B	0.58734
6434	YJL110C	0.58732
6435	YDR277C	0.5871
6436	YLR018C	0.58691
6437	YOR186W	0.58671
6438	YPL052W	0.58664
6439	YKR078W	0.58634
6440	YLR437C-A	0.586
6441	YER040W	0.58581
6442	YBR124W	0.58575
6443	YOR342C	0.58547
6444	YOR359W	0.58532
6445	YDR227W	0.58523
6446	YNL027W	0.58513
6447	YGL175C	0.58496
6448	YKL062W	0.58489
6449	YPR101W	0.5848
6450	YEL032C-A	0.58474
6451	YER153C	0.58451
6452	YLR465C	0.58441
6453	YBR203W	0.58438
6454	YLR373C	0.58438
6455	YGR161W-C	0.58437
6456	YNR014W	0.58401
6457	YHR152W	0.58391
6458	YBR130C	0.58387
6459	YGL035C	0.58386
6460	YCL005W	0.58385
6461	YOL091W	0.58342
6462	YLR307C-A	0.58339
6463	YPL096C-A	0.58315
6464	YPL200W	0.58315
6465	YAL031C	0.58307
6466	YBR140C	0.58262
6467	YMR270C	0.58245
6468	YBL109W	0.58222
6469	YDL169C	0.58218
6470	YEL014C	0.58182
6471	YIL119C	0.58161
6472	YLR283W	0.58143
6473	YDR356W	0.58137
6474	YOR284W	0.58124
6475	YKL145W-A	0.58116
6476	YJL181W	0.57975
6477	YBR173C	0.57952
6478	YNL100W	0.5795
6479	YDR259C	0.57949
6480	Q0255	0.57949
6481	YBL034C	0.57931
6482	YLR031W	0.57916
6483	YPR002C-A	0.57879
6484	YGR168C	0.57862
6485	YDR216W	0.5785
6486	YER158W-A	0.57847
6487	YBR194W	0.57802
6488	YFR054C	0.57722
6489	YOR192C-C	0.57716
6490	YPR005C	0.57706
6491	YOR053W	0.57693
6492	YOR313C	0.57677
6493	YLR312C	0.57671
6494	YFR017C	0.57645
6495	YOR066W	0.57634
6496	YDR113C	0.57609
6497	YER155C	0.57598
6498	YDR439W	0.57595
6499	YFL021W	0.57581
6500	YPL230W	0.5758
6501	YOL029C	0.57579
6502	YOL081W	0.57575
6503	YOR023C	0.57539
6504	YCR065W	0.57528
6505	YDL027C	0.57527
6506	YPR170W-A	0.57522
6507	YGL023C	0.5752
6508	Q0010	0.57467
6509	YNL176C	0.57411
6510	YGR071C	0.57368
6511	YOR121C	0.5735
6512	YOR214C	0.57347
6513	YBR156C	0.57321
6514	YBR076W	0.57303
6515	YNL046W	0.57276
6516	YBR095C	0.57249
6517	YKR022C	0.57167
6518	YLR394W	0.57155
6519	YER084W-A	0.57152
6520	YJR083C	0.57145
6521	YER158C	0.57141
6522	YGR240C-A	0.57091
6523	YMR160W	0.57077
6524	YDL223C	0.56963
6525	YDR219C	0.56898
6526	YIL122W	0.56873
6527	YGL138C	0.56827
6528	YPL201C	0.56825
6529	YDR260C	0.56809
6530	YER121W	0.56804
6531	YGL223C	0.56775
6532	YNL233W	0.56726
6533	YDR207C	0.56712
6534	YHR160C	0.56692
6535	YKL112W	0.56684
6536	YMR003W	0.56663
6537	YLR341W	0.56657
6538	YOR255W	0.56625
6539	YOR352W	0.56575
6540	YLR223C	0.5655
6541	YLR252W	0.56547
6542	YJR162C	0.56513
6543	YMR255W	0.56508
6544	YDL069C	0.56487
6545	YDR351W	0.56485
6546	R0030W	0.56428
6547	YGL021W	0.56401
6548	YGR153W	0.564
6549	YNL195C	0.56325
6550	YER044C-A	0.56218
6551	YKL225W	0.56171
6552	YLR315W	0.56145
6553	YDR028C	0.56134
6554	Q0092	0.56132
6555	YFR046C	0.56095
6556	YPR078C	0.56087
6557	YGR126W	0.56076
6558	Q0144	0.56056
6559	YML109W	0.56035
6560	YJL118W	0.56034
6561	YJL051W	0.56007
6562	YAL047C	0.56004
6563	YOL025W	0.55958
6564	YPR044C	0.5594
6565	YCL044C	0.55907
6566	YNL105W	0.55821
6567	YMR174C	0.55773
6568	YLR030W	0.55743
6569	YML058W	0.55705
6570	YKL093W	0.55682
6571	YBR050C	0.55639
6572	YPL014W	0.55609
6573	YLL047W	0.55576
6574	YJL162C	0.55573
6575	YHR195W	0.55538
6576	YDR130C	0.55534
6577	YJR011C	0.55481
6578	YOR324C	0.55468
6579	YNL018C	0.55393
6580	YLR282C	0.55359
6581	YBR056C-B	0.55349
6582	YMR036C	0.55277
6583	YCL063W	0.5526
6584	YMR273C	0.5525
6585	YPL077C	0.55179
6586	YNL034W	0.55148
6587	YKL105C	0.55128
6588	YOR372C	0.55126
6589	YNL076W	0.55105
6590	YHR014W	0.55071
6591	YKL042W	0.55066
6592	YNL311C	0.55047
6593	YKL068W-A	0.55038
6594	YER130C	0.55012
6595	YBR047W	0.54995
6596	YMR144W	0.54988
6597	YPL089C	0.54984
6598	YER104W	0.54981
6599	YOL036W	0.54939
6600	YGL194C-A	0.54919
6601	YGR120C	0.54912
6602	YPL250C	0.54899
6603	YEL057C	0.54891
6604	YGR273C	0.54878
6605	YER167W	0.54842
6606	YPL055C	0.54831
6607	YDR223W	0.54794
6608	YPL066W	0.54725
6609	YBR063C	0.54714
6610	YER181C	0.54694
6611	YBR013C	0.54681
6612	YDR528W	0.54666
6613	YKL162C-A	0.54647
6614	YDR070C	0.54584
6615	YJL185C	0.54553
6616	YGR221C	0.54464
6617	YMR195W	0.54408
6618	YPL068C	0.54398
6619	YLR257W	0.54398
6620	YDR184C	0.54275
6621	YBR201C-A	0.54237
6622	YGL057C	0.54236
6623	YPR065W	0.54185
6624	YGR239C	0.54184
6625	YML091C	0.54159
6626	YHR054C	0.54146
6627	YOR062C	0.54144
6628	YBR045C	0.53996
6629	YPR008W	0.53993
6630	YDL076C	0.53932
6631	YGL128C	0.53894
6632	YNL074C	0.53884
6633	YPR158W	0.53833
6634	YPL180W	0.53827
6635	YIL135C	0.53775
6636	YGL222C	0.53757
6637	YLL065W	0.53715
6638	YLR230W	0.53599
6639	YIL146C	0.53535
6640	YGR035C	0.53489
6641	YPL255W	0.53486
6642	YBL031W	0.53451
6643	YPL267W	0.53422
6644	YDL186W	0.53409
6645	YPL071C	0.534
6646	YLR334C	0.5338
6647	YER106W	0.53354
6648	YLR102C	0.53308
6649	YKR077W	0.53205
6650	YNL214W	0.53163
6651	YDR029W	0.53158
6652	YPL223C	0.53031
6653	YPL121C	0.53028
6654	YDR022C	0.53002
6655	YDR186C	0.52993
6656	YER124C	0.5299
6657	YDR275W	0.52988
6658	YLR445W	0.52986
6659	YKL065W-A	0.52976
6660	YJL144W	0.52822
6661	YDR249C	0.52809
6662	YIR025W	0.52713
6663	YPL159C	0.52703
6664	YLR053C	0.52695
6665	YHR061C	0.52674
6666	YBR165W	0.52652
6667	YML053C	0.52637
6668	YJL089W	0.52597
6669	YPR046W	0.52572
6670	YDR309C	0.52532
6671	YPR145C-A	0.52435
6672	YOR279C	0.52424
6673	YFL012W	0.52363
6674	YMR037C	0.52344
6675	YNL188W	0.52307
6676	YER033C	0.52262
6677	YDR085C	0.5212
6678	YBR211C	0.52046
6679	YLR049C	0.52023
6680	YBR071W	0.51968
6681	YJL147C	0.51896
6682	YHR157W	0.51832
6683	YNL078W	0.51613
6684	YML119W	0.51452
6685	YOR315W	0.51172
6686	YMR175W	0.51163
6687	YDR480W	0.51118
6688	YPL124W	0.5097
6689	YDL180W	0.50903
6690	YML006C	0.50676
6691	YLR457C	0.50529
6692	YGL015C	0.50505
6693	YML009C-A	0.50495
6694	YER032W	0.50358
6695	YJL161W	0.49833
6696	YMR206W	0.49589
6697	YKL109W	0.49557
6698	YOR044W	0.49387
6699	YBR285W	0.49162
6700	YER180C	0.49116
6701	YMR136W	0.49012
6702	YKL023C-A	0.48568
6703	YML112W	0.48271
6704	YNR010W	0.48245
6705	YPL229W	0.48167
6706	Q0140	0.47858
6707	YPR083W	0.47806
6708	YBL081W	0.47704
6709	YHR185C	0.4732
6710	YBR157C	0.47129
6711	YBR138C	0.47105
6712	YMR181C	0.47049
6713	YGL036W	0.4688
6714	YGL170C	0.46794
6715	YER079W	0.46604
6716	YNL146W	0.45796
6717	YOL106W	0.45687
6718	YML003W	0.45488
6719	YFR036W	0.45008
6720	YIL152W	0.45005
6721	YMR081C	0.44023
6722	YKR075C	0.43316
6723	YGR146C	0.4235
6724	YMR252C	0.42343
6725	Q0032	0.41896
6726	YJR094C	0.40182
6727	YDL007C-A	0.40112
6728	YDL204W-A	0.31194
6729	YMR106W-A	0.31194
6730	YFR035W-A	0.31194
6731	YGR016C-A	0.31194
6732	YNL155C-A	0.31194
6733	YNL040C-A	0.31194
